159.99
199








99.99




89
79.9

132.99
199.99
170.18
199.99



199.99

114.99

269.99

97.99
249


179.99

123.59
249.99
101
128
105


75.06
199.99
139.99


152
199.99


119.99
69.99



199.99

109.99

119.99

149.99




99.99


259.99




99.99






159.99

119.99







199.99
209.99
183.99




189.99

160
129.99
105.98

219.99




129.99
219.99
499.95


119.99

169.99

150
174.99
179
199

102.98
139.99
199.99
118.99

100.98
259.99

50.99
247.99
130


109.99
153.99
199.99






223.3





79.99
101.98



124

99.99

99.99


99.99
159.99



74.22

151.98

69.99


125.95
149.99
199.99

211.93
99.99
109.99
52.88
98.4


219.99
89.99
69.99

199.99




99
159.99
199








99.99




89
79.9

132.99
199.99
170.18
199.99



199.99

114.99

269.99

97.99
249


179.99

123.59
249.99
101
128
105


75.06
199.99
139.99


152
199.99


119.99
69.99



199.99

109.99

119.99

149.99




99.99


259.99




99.99






159.99

119.99







199.99
209.99
183.99




189.99

160
129.99
105.98

219.99




129.99
219.99
499.95


119.99

169.99

150
174.99
179
199

102.98
139.99
199.99
118.99

100.98
259.99

50.99
247.99
130


109.99
153.99
199.99






223.3





79.99
101.98



124

99.99

99.99


99.99
159.99



74.22

151.98

69.99


125.95
149.99
199.99

211.93
99.99
109.99
52.88
98.4


219.99
89.99
69.99

199.99




99




135.99
129.99

159.98
169.99
179.99
159.99

195.95

70
169.99
187.99



70
128.99
135.99
104.99
91.99
169.99
367

89.99
99.99





101.99




89.99
89.97
185.99
59.98
135.23

194.99
252.23
90


99.99

99.99
49.95
95.78


199.99
90.99




90





59.98


79.99



169.99
90


118.99

179.95

109.99
114.65

143.99


59

84.39
70


299.57

64.99


50.99


73.74









76.52
59.98
59.98
87.99
49.98




70
49.98


49.99




229.99
279.99

199.99
219.95


99.99
79.99

156.89

134.99


76.5




179.99
132.99
125.99
132.99

169.99
169.99
199.99



87.99

59




119.99
112.54
159.99


119



105





209.99


159.99



84.67
110




157.46
104.99
169.99














211.93






160.33




160

229.46
199.99



169.99
99.99
323.97


199.99


164.82


146
129.99



172.22
221.78

229.99
99.95
179.99
234.83




129.99




347.99

109.99
109.99
109.99
169.99


179.99


99.99





200.99






79.99



65
199.99

225.83
199.99




159.99
89.99
199.99


141.99












179.99

227
188.99
79.99

199.95

109.99
109.99






279.99
129.99

98.83





123.99





54.98




129.99




249.99
139.99

119.99

194.99
142


189.99


239.99
133.06
114.99
139.99

339.99


199.99
188.82


89.98
89
169.99
269.99
159.99
111.99
189.99
185.99
219.99
109.48
299.99
299.99



96.99

74.9
























60
200.23









59.79
55
149.99
149.99




70
162.88
297.23


85.97
119.99
119.99
119.99
119.99
119.99


139.99








189.99



219.99
229.99
229.99
229.99
195.99
195.99
229.99
229.99

75
59

134.1

149.99
256.64
249.04
189.99

199.99
79.99

151.98

101.98





119

62.97

110.99




44.84
169.99
149.98
149.98

99.99
269.99

99.99


141.99








125.99
199.99




149.98


139.99
289.99

108.99




152.29



259.99

219.99





71.99
119.99




229.99

175




114.99


229.99




154.99
69.2






139.55
204
98.38


