92.64
212.62
119.99
185
92.64
214.98
116.14
190
61.76
92.64
147.25
129.99
208.99
159.65
119.39
185
61.76
126.5
205
155.4
61.76
128
105.99
76.99
139.85
159.99
148
96.98
102
128
61.76
61.76
94
199
168
99.44
149.98
89
148
78
127.9
176.22
148
81.68
79
128
168
179
68.75
168
123.44
null
113.16
118.71
148
178
198
88
159
198
null
198
198
139
119.99
87.99
198
80.46
73.77
190
74.99
65.49
198
188.27
168
87.99
73.07
268.98
121
98
98
109.28
118.22
170.59
99
112.94
119.41
148
54
112.94
80
69
160.09
198
111.99
92.5
89
99
119
198
146.28
97.7
149.99
135.93
108
64.96
145.99
139.99
87.99
89.99
128
179
63.8
55.41
134.16
79.99
99.91
149.98
159.98
169.98
100.08
100.08
100.93
62.44
159.99
109.99
58.97
110
98.99
112.49
186.49
170.99
109.95
129.99
54.82
91.88
149.99
149.99
99.99
59.94
142.89
109.99
72.98
179.99
165.99
109.99
71.94
74.99
64.99
63.99
69.77
85.94
77.49
62.99
99
79.98
69.99
94.99
74.99
95.98
null
92.98
68.99
60.42
60.97
70.98
62.99
74.99
89
90.47
74.99
59.49
65.98
69.99
74.99
72.99
66.98
73.59
74.99
68.99
77.88
59.99
68.99
64.37
75.42
65.01
57.99
63.48
62.97
62.88
59.86
72.99
69.98
55.41
169
139
75
99
99
107
61.76
60.56
49.98
185.21
70
78
52.95
107
49.88
109
47.58
42.56
59.99
109
99
56.47
99.44
64
92.5
34.6
118.64
64
99
88.19
97.7
67.99
98.97
108.81
98.95
92.5
84.99
109
88
105.96
79.99
89.99
54
54.99
75
40.2
49.99
59.99
257.05
139
109
79
87.96
64.99
87.98
87.5
69.99
75.99
69.99
57
112.24
63.16
67.49
56.47
59.49
69.99
229.99
89.99
173.94
129
189
55.97
65
99.99
127
139.99
55
55
69.97
45.99
79.99
49
89.99
79
88
79
99
113.16
40.84
79.99
79
76.49
54.98
99
65.92
69
68.99
59.99
null
81.68
99.99
97
99.99
68.75
119.39
62.68
45
68.08
59.1
65.99
119
61.76
65.92
117
null
49.99
69.99
52.46
99
84
79.35
null
94.98
149.99
85
71
139
107.98
69
72.99
160.8
59.99
149.99
72.99
69.99
107.99
160
51.99
180
49.88
119.99
99
79.95
54.82
68.95
79.88
179.99
69.44
61.97
49.92
52.92
94.99
44.28
55.92
54
59.99
48.9
62.8
59
72.99
72.99
79.98
89.99
48.99
59.98
84.99
54
74.99
59.98
89
null
79.98
89
69.99
119.99
94.99
128
57
199
89
130
133
56.18
74.46
109.99
105.56
198
130.99
62.14
89.99
null
139.99
159
157
79
128
164
82.99
86.99
88.84
94.65
129.95
114.53
179
129
173
169
97.95
69
148
null
129.95
null
57.99
97
259
230
147
115.99
137
399.25
77
85.6
99.95
68
60.82
69.9
50.99
39.99
71.72
79.99
71
179
98
99.95
106.43
109.95
38.89
73.99
69
74.99
79.99
89
129.99
194.09
194.98
78.22
71.99
72.79
135
64
59
89
73.88
54
79
104.69
89
72.18
179
149.98
119.88
121.7
89.99
null
39.99
134.95
64
67.72
89.99
148
79
49.88
168
68.75
92.5
89
249.99
128
148
78.45
79.49
152.15
84
68
89.92
69.92
148
228
69
139.99
95.24
57
55.24
null
159
173.94
184.99
106.06
54.99
73.99
139.99
74.69
45.99
58.96
194
69.99
239
129.99
139.99
97
107
49.98
99.92
99
35.99
149.55
119
149.99
164.02
67.99
84
52.92
99.99
74.82
119.95
59
107
45.99
48.96
159.99
59
129.99
71.73
119
149.99
139
64.99
166
108
228
113
407.75
94
185.99
168
228
198
78
69
98.93
99
147.99
128
78
248
99.99
152.89
48
198
78
198
78
98
58
58
79.99
228
45
55.79
54.76
97.94
76.49
128.48
98.94
109
112.24
179
89.99
99.99
68.99
65.88
99.99
79.98
68.99
94.98
139.99
109.99
109
129
109
124.62
119.99
114.99
138.81
149.99
149.99
169.99
108.37
229.99
147
127
107
217
119.95
132.23
217
145.96
119.99
179
74
131.99
189
114.99
145.49
139
179.99
179.99
79.99
61.22
98.49
199
131.99
134
149.55
119.99
137.99
169
119.99
149.95
209
67.49
139
139
139
82.99
200.7
148
190
148
199
172.4
155.98
188.27
172.99
143.98
119.99
null
119.99
139
155
189
135.2
168
99.99
189.99
70.86
149.95
265.99
179.99
194
67.99
119
87.99
172.45
189.99
138.48
99.98
169.99
142.99
189
79
184.99
139
98
69
198
148
138
245.49
129
121.48
101.98
159
null
198
168
148
110
69.99
59.99
81.99
100.08
179.78
89.92
128
170.15
98.99
109.95
239.99
148
109
104.99
94.99
167.14
109.99
72.95
139.99
249.99
75.99
169
89.99
79.99
79.99
95.83
179.99
66.8
74.67
null
179.99
179.99
74
148
198
86.99
null
99.99
140.64
187.99
139.99
109.98
192.99
130.99
68.99
64
79.99
79.99
56.99
165.99
159.99
99.55
90.9
116.99
47.49
82.99
79.99
66.99
48
97.99
209.99
69.99
97.99
79.99
104.36
43.99
105.94
112.98
68
81.99
65.16
66.49
37.98
64.98
111.32
104.59
71
44.98
199.99
89
58.33
49.47
78
44.98
67.49
119.98
49.47
75
57
44.96
49.74
87.81
57
44.96
56.78
74.82
74
44.94
57
39.94
69
56.99
99.98
105.98
74.5
65
42.88
65
119.98
70
117.9
69.98
69.98
58.77
299
216.3
151
134.18
81
60
75
89.99
344
146
65
109
99.44
84.95
65
54.98
99
78
65.92
89
109
150
179
199.99
null
139.17
399
299
299
184
97.07
69
169
135.2
199.99
70
69.95
84.81
165.99
159.99
117.82
107.07
99.99
68.99
74
129
58.3
179.99
179.99
139
145.49
114.99
189
99
143.75
54.98
93
222.77
219.2
204.43
99.99
84
89
99
61.66
70.82
74.26
65.92
269.99
208.97
203.22
119.98
183
198
99
274
274
66.8
109.98
95
135.7
139.88
134.98
140
140
65.92
44.67
61.29
93.39
69.87
56.47
79.98
124
131.79
74.97
139
199
139.99
59
123.39
257.05
149
59.99
60.56
69.99
82.99
149
131.79
129
69.84
106.18
39.2
49.99
148.61
69
120.59
69
89.99
68.99
79.98
69.99
71.99
36.75
69.29
72
119.99
95
89.98
124.99
99.99
119
64
72.99
112.24
79.99
98.97
89
152.15
169
169.99
169.99
155.19
143
147.26
186.22
107
84.68
179
70
89
81
109
54
99
61.76
49.96
67.74
59.99
99.99
59.97
119.97
78.52
49.99
null
null
58.98
49.99
69
54.99
44.59
99.99
105.99
130.19
119.99
62.29
129
69.99
99.99
111.33
63.48
69.95
150.61
129.32
129.91
219
109
null
88.99
49.44
99
149
99
98
79
78
133.51
69.44
124
79.99
85.49
99
74.99
169.99
80.56
73.54
99.99
42.99
null
null
149
49.95
129.95
69
58.95
99.99
80
86.99
82
74.49
67.99
59.88
62.99
59
109.98
159.99
68.56
69.99
58
64
59.99
99
72.98
69.99
109.99
74.88
null
69.99
147.95
115.03
55.07
79.99
75.5
159.99
139.99
129.95
109.99
117.99
119.99
109.99
69.98
110.44
59
71.99
43
279.99
89
99.99
110.99
87.54
115.89
179.99
168.8
119.99
45.99
69.99
null
106.95
92.69
109.99
null
74.95
72.99
null
89
179.99
119
155.19
84.45
120.99
66.99
188.27
49.98
95
70.16
119.99
74.99
55.41
129.99
79.95
119.39
94.99
67.49
79.88
88.99
79
149.99
169.99
155.52
84.27
73.54
54.1
70.99
38.88
173.99
186.99
49.92
69.99
100.99
57.58
109.12
89
107
49.98
66.99
62.99
69.99
54.82
102.5
69.99
66.99
75.95
75.99
36.5
40.87
79.99
83.99
55.99
28.72
79
99.98
99.95
100
79.99
125.82
124.52
47.98
65.99
49.97
64.34
67.94
129.52
161.99
74
69.84
54.9
74.99
73.85
148.42
135.89
51.38
29
119
50.45
256
240.99
153.36
55.02
314.99
205.8
65.92
218.35
64
258.66
99.44
99.44
99.44
253.99
99.44
222.3
84.95
211.01
99.44
129
112.47
127.49
103.29
119
50.45
256
240.99
153.36
55.02
314.99
205.8
65.92
218.35
64
258.66
99.44
99.44
99.44
253.99
99.44
222.3
84.95
211.01
99.44
129
112.47
127.49
103.29
