12
12
12
1
12
12
0
12
12
12
1
12
12
12
0
12
12
10
12
1
12
10
3
3
3
3
10
99
99
99
0
0
12
3
0
3
0
12
12
0
0
12
12
0
12
12
12
12
9
12
12
12
1
0
12
4
0
3
12
0
12
0
12
12
12
12
0
12
12
0
12
10
0
0
12
12
0
0
0
12
12
0
0
12
10
12
10
12
0
12
0
12
12
3
1
12
12
12
12
10
12
1
2
2
0
12
0
12
12
0
0
1
1
12
12
25
10
12
0
12
10
12
12
12
12
12
9
5
12
12
0
0
12
0
12
0
12
0
12
0
12
12
10
0
0
0
0
12
2
10
0
12
200
12
12
2
9
12
12
0
12
12
0
2
2
0
0
2
0
1
1
0
2
3
0
12
12
2
2
1
12
12
12
0
2
0
2
2
12
12
12
0
12
8
0
12
0
0
0
2
3
12
12
12
99
12
12
12
12
12
0
0
0
3
10
0
0
0
12
1
5
5
12
12
12
0
12
0
0
12
12
0
0
0
12
4
3
4
2
2
0
4
0
0
12
0
4
3
6
12
12
12
12
12
0
0
12
12
12
0
12
12
8
9
12
1
12
7
12
12
0
12
12
3
12
1
6
1
0
10
12
40
0
2
0
0
0
0
12
10
3
3
0
1
12
0
0
12
4
99
0
1
99
12
0
0
0
8
0
8
3
0
0
12
4
0
0
3
12
0
12
12
11
12
3
0
0
12
12
12
12
0
0
0
3
99
12
12
9
0
3
0
12
1
12
3
12
12
12
0
1
1
12
0
0
95
8
2
12
0
12
0
0
12
12
0
12
0
0
0
8
0
2
0
12
12
2
7
12
0
12
0
15
8
0
1
12
0
0
12
39
12
12
0
12
12
5
0
1
12
12
12
0
12
5
3
12
12
12
12
12
0
0
12
12
0
12
0
12
12
0
0
12
12
0
0
0
10
0
12
0
12
12
0
0
12
12
99
12
12
0
0
0
12
12
0
0
10
12
1
12
9
0
2
12
12
12
12
0
12
0
12
0
12
12
12
0
12
7
99
12
0
12
12
12
12
0
0
0
9
12
12
7
12
0
12
0
6
99
99
12
12
12
0
7
0
0
12
12
12
0
12
12
12
40
99
12
12
0
12
0
0
99
3
12
99
12
0
99
12
12
0
1
0
12
12
12
12
12
0
0
3
3
12
12
1
12
12
12
0
12
12
12
0
12
0
1
3
12
12
12
12
0
12
12
0
12
12
12
10
12
12
3
25
27
3
3
10
0
0
12
12
12
12
4
4
12
12
0
12
0
12
99
12
0
0
12
3
12
0
0
3
3
0
99
0
12
12
0
0
12
0
12
12
40
12
0
12
0
12
12
4
0
12
9
0
0
12
12
0
12
12
5
6
9
12
10
12
12
12
0
12
12
12
12
0
99
12
12
12
0
12
4
99
99
12
12
12
12
12
0
12
12
12
12
0
4
0
12
10
12
12
12
3
0
12
12
12
7
7
0
12
0
12
12
5
0
0
12
12
0
0
0
3
0
1
1
12
0
100
0
12
4
0
12
0
12
12
10
0
12
12
12
0
12
0
12
12
99
40
12
12
12
13
7
12
12
0
12
10
0
0
12
0
12
0
0
12
0
6
12
10
99
12
0
12
12
12
12
12
1
12
12
0
0
12
12
0
12
12
99
99
12
12
12
12
12
40
12
6
12
12
12
0
12
12
12
0
12
12
12
12
0
12
0
0
0
12
0
12
0
5
0
12
2
12
12
12
12
0
0
0
0
12
12
12
