27700629
27700633
27700641
27700931
27700939
27700945
27700954
27700959
27700961
27700967
27700970
27700974
27700980
27701365
27701378
27701478
27701484
27710634
27710641
27710643
27710647
27710649
27710652
27710654
27710657
27710659
27710661
27710664
27710668
27710736
27710740
27710743
27710744
27710751
27710753
27710754
27710756
27710757
27710759
27710760
27710762
27710763
27710765
27710768
27710771
27710774
27710776
27712920
27712921
27713572
27713575
27713576
27713579
27713583
27713585
27713586
27713587
27713589
27713591
27713594
27713762
27713764
27713767
27713769
27713772
27713774
27713775
27713776
27713780
27713781
27713784
27713787
27713788
27713790
27713791
27713794
27713797
27713801
27713803
27713808
27713816
27713820
27713823
27713826
27713829
