36253517
36253520
36253521
36253523
36253527
36253529
36253530
36253532
36253535
36253536
36253538
36253541
36253542
36253543
36253553
36253557
36253559
36253562
36253563
36253566
36253568
36253571
36253574
36253577
36253580
36253581
36253583
36253587
36253606
36253609
36253611
36253612
36253615
36253619
36253621
36253622
36253626
36253630
36253634
36253637
36253643
36253646
36253674
36253678
36253680
36253682
36253688
36253690
36253694
36253696
36253699
36253702
36253704
36253710
36253711
36253729
36253734
36253735
36253738
36253740
36253742
36253744
36253747
36253750
36253756
36253758
36253762
36253764
36253796
36253799
36253809
36253817
36253823
36253826
36253830
36253834
36253836
36253839
36253842
36253847
36253849
36253852
36253857
36253861
36253865
36253867
36253869
36253872
36253874
36253880
36253895
36253897
36253898
36253901
36253906
36253915
36254142
36254145
36254147
36254151
36254154
36254156
36254159
36254162
36254165
36254167
36254170
36254172
36254174
36254179
36254182
36254186
36254189
36254191
36254194
36254195
36254201
36254205
36254210
36254212
36254215
36254216
36254223
36254228
36254231
36254233
36254236
36254242
36254244
36254246
36254253
36254254
36254256
36254415
36254426
36254430
36254433
36254440
36254446
36254448
36254452
36254454
36254458
36254461
36254464
36254471
36254475
36254477
36254481
36254493
36254496
36254502
36254510
36254512
36254520
36254525
36254531
36254533
36254537
36254540
36254544
36254547
36254552
36254558
36254561
36254568
36254570
36254575
36254581
36254589
36254594
36254596
36254602
36254607
36254609
36254613
36254623
36254628
36254631
36254636
36254642
36254643
36254648
36254652
36254662
36254671
36254677
36254678
36254685
36254692
36254695
36254703
36254704
36254712
36254715
36254719
36254727
36254732
36254737
36254797
36254804
36254812
36254816
36254819
36254822
36254824
36254831
36254839
36254849
36254858
36254865
36254873
36254882
36254885
36254886
36254895
36254902
36254905
36254910
36254920
36254934
36254949
36254953
36254962
36254966
36254969
36254975
36254984
36254992
36255009
36255014
36255023
36255028
36255040
36255046
36255050
36255056
36255062
36528114
36528118
36528141
