550
1022
2053
2867
6019
7393
9980
10545
9107
7673
6832
2583
3782
1537
417
543
1186
1498
2648
3241
4665
4972
4761
3279
3949
1322
2214
661
58
105
155
117
66
242
213
160
151
176
32
79
7
52
355
366
990
1925
2733
3692
4104
4532
3639
2464
1925
508
656
31
53
166
125
334
364
522
538
505
328
263
135
53
30
47
141
206
384
443
578
579
511
282
386
73
242
66
149
221
692
1208
2044
2471
3362
4076
4014
2617
3316
849
1780
592
1158
1443
5649
8751
15839
19711
25620
20323
20841
12375
9922
3670
3803
185
260
898
1214
2342
2632
3295
3163
3156
1958
1624
588
536
80
79
515
794
1927
3036
3676
3667
3366
2100
1544
633
413
289
1003
2560
3291
6847
7221
9874
11155
10557
6955
7616
1987
4595
1546
665
936
2058
2950
4544
5383
6769
6552
7561
5534
4472
1590
3157
1424
47
49
267
344
556
714
816
801
650
418
309
38
96
19
34
9
92
126
117
162
125
80
51
603
556
2157
2425
6255
8020
8532
8864
9016
6822
4869
1604
1859
17
60
11
85
231
379
198
146
321
427
196
127
69
327
486
1797
2251
5602
6894
9018
8423
7583
3909
2760
1054
910
96
104
410
579
794
771
1134
917
801
650
576
291
327
