209
355
470
0
25
15
9
22
123
121
93
82
0
79
95
336
378
0
0
0
0
0
0
0
0
221
106
48
88
18
52
51
2
36
73
180
245
476
607
762
774
798
521
516
234
342
127
4
67
71
6
53
105
113
113
136
425
138
32
80
90
194
1108
1823
3090
3716
4548
4526
4038
2911
2294
780
759
35
100
124
213
247
415
242
136
154
133
62
0
4
66
561
726
1485
1875
2763
2712
2699
2143
2068
651
1201
410
0
0
14
8
27
31
32
0
0
0
5
3
778
799
431
750
466
246
80
126
406
1423
1415
913
242
58
114
39
410
531
814
775
614
335
307
147
175
88
29
46
57
127
211
350
290
228
157
119
112
52
137
295
287
341
377
364
145
331
146
392
678
933
1648
1697
2313
2684
2485
1754
2063
718
856
430
3
32
269
458
1134
1575
1715
1714
1309
1299
776
91
0
297
260
601
554
172
441
83
3
3
50
59
63
94
98
145
47
18
3
75
149
427
535
926
1075
1361
1312
1113
972
528
235
38
56
149
429
585
9
39
5
5
2
5
0
5
90
177
198
57
122
85
76
257
561
680
573
646
507
400
172
276
136
55
167
232
372
672
802
915
1062
1117
578
713
775
643
647
254
244
400
137
0
18
176
238
72
0
48
392
518
732
697
564
518
281
244
261
34
74
1301
1720
1950
1857
1261
1046
305
18
0
42
18
124
850
0
0
8
133
184
422
41
325
294
226
39
571
99
97
788
1236
1494
87
136
435
451
1569
276
216
243
119
29
26
163
553
110
177
86
131
240
832
436
271
779
782
187
323
158
751
372
888
446
169
288
362
1150
2595
1355
1069
632
293
306
502
19
384
105
693
1633
1350
1700
870
335
385
0
97
270
898
2025
2637
3017
1839
2060
669
455
4
135
281
522
690
556
595
449
239
108
80
197
437
1257
1888
2159
1399
606
500
60
174
587
973
1087
1601
2464
1388
1317
1097
427
753
963
537
960
683
292
415
1076
450
598
1129
1063
1013
575
368
266
61
90
82
221
473
426
601
637
377
115
373
123
89
277
214
302
933
1480
1751
2014
1873
1270
1172
881
426
42
83
259
598
407
169
156
0
76
5
112
450
508
968
1396
1270
869
216
572
143
581
752
3466
13661
14829
11056
5420
2360
1641
564
709
154
125
364
722
1137
838
824
832
326
566
405
277
396
272
866
1795
679
271
845
0
130
85
1559
419
28
102
666
269
795
1069
1043
1032
738
110
430
63
462
204
456
164
361
579
642
327
474
936
953
450
590
118
28
21
63
73
63
58
42
36
14
0
31
332
217
332
597
383
0
24
12
68
27
12
2100
2755
436
849
1351
49
706
100
394
347
1825
5246
7611
8244
6323
3493
735
11
216
357
582
555
404
90
104
434
488
1232
1496
1466
913
561
104
247
315
283
390
332
185
183
93
135
851
1307
1395
993
588
29
247
331
1254
810
1130
520
98
298
96
0
281
481
620
737
345
5
78
345
393
379
245
184
70
98
330
1220
1514
1163
242
370
63
105
1265
1888
1653
1900
903
316
0
45
149
393
541
589
364
120
40
100
350
465
251
253
84
38
554
1412
1311
1142
215
129
448
1093
1758
1473
560
350
653
948
1581
1375
716
255
598
16
210
592
423
514
513
240
78
590
41
389
24
163
307
493
408
250
53
247
58
575
1348
1178
1932
1233
431
372
11
33
104
143
0
20
66
28
36
156
354
440
553
495
395
313
915
1076
210
167
93
83
38
303
0
21
76
222
489
755
647
484
284
804
1898
1827
2052
1138
535
1542
332
1623
3966
6544
6113
4666
2820
1099
19
0
72
177
203
176
144
114
23
20
120
250
1254
1650
3149
4093
3487
612
36
1056
1969
1509
1965
660
129
984
2480
1664
1117
2154
380
2236
1610
0
3822
1296
5416
65
209
268
1979
763
320
8
284
774
734
186
194
36
38
608
1550
1898
1406
17
93
410
1557
1962
1661
477
30
278
391
386
288
37
149
182
1217
1455
1628
1394
324
5
140
91
0
98
242
52
0
207
1187
1425
1335
780
289
23
69
261
342
22
125
336
323
258
123
105
477
743
1100
447
99
27
1114
273
262
231
90
1072
92
50
208
1113
720
329
79
399
625
1022
118
1396
1483
1545
1324
932
773
243
285
55
371
1114
1934
1872
962
359
291
37
57
241
372
643
947
1287
1428
1320
1060
902
369
573
152
5
56
12
0
18
76
47
33
53
0
21
30
11
3
7
0
14
72
69
39
0
8
344
3588
11021
682
6765
11597
