139.99
139.99
139.99
139.99
139.99
139.99
139.99
139.99
139.99
139.99
139.99
139.99
139.99
139.99
139.99
139.99
139.99
139.99
159.99
159.99
159.99
159.99
159.99
159.99
139.99
139.99
139.99
139.99
139.99
139.99
139.99
139.99
139.99
139.99
139.99
139.99
159.99
159.99
159.99
159.99
159.99
159.99
159.99
159.99
139.99
139.99
149.99
149.99
149.99
149.99
149.99
149.99
149.99
149.99
149.99
159.99
159.99
159.99
159.99
159.99
159.99
159.99
159.99
159.99
139.99
139.99
139.99
139.99
139.99
139.99
139.99
139.99
139.99
159.99
159.99
159.99
159.99
159.99
159.99
159.99
159.99
139.99
139.99
139.99
139.99
139.99
139.99
139.99
139.99
139.99
139.99
139.99
139.99
