1|livingston3676@charter.net|3932252074543|768720631
2|carrucini616@gmail.com|3942254207389|21474150
3|openbox2@charter.net|3942254568536|313546419
4|agrama15@yahoo.com|3962258911403|348284886
5|steinj@ptd.net|3942254086837|348284886
6|tommyrickettjr1968@gmail.com|3942254380473|348284886
7|tonicrochet@msn.com|3942254879259|970197920
8|cindibutcher@gmail.com|3942254784218|285333157
9|delaneymilbraney@gmail.com|3952256908309|818068049
10|claudiaqperez@gmail.com|3962258811968|37550884
11|collinforseth@gmail.com|3962258026035|36611908
12|jklemoine@gmail.com|3952256675150|996906813
13|jessalady@gmail.com|3952256054902|652219207
14|melaniecranfill@yahoo.com|3952256657078|112429682
15|shannamoon050712@gmail.com|3952256257527|212029414
16|nadra999@yahoo.com|3962258009204|147929696
17|leighannrelliott@gmail.com|3972260305135|290930472
18|sandy4044@aol.com|3952256588375|672388349
19|km.magtalas@gmail.com|3962258216320|168149882
20|lisaervin@consolidated.net|3952256886597|637665575
21|ashleylibretto@yahoo.com|3952256182484|246674885
22|shannonmcherry@gmail.com|3952256583644|300578963
23|shueysk@gmail.com|3962258917811|55498263
24|amberlyn129@gmail.com|3962258014704|55498263
25|gibj200@earthlink.net|3962258709795|377870589
26|arnuma@gmail.com|3962258127309|873363029
27|lf100848@gmail.com|3972260417092|47423101
28|zetinamaria29@yahoo.com|3972260320290|898415441
29|vallin.adrienne@gmail.com|3962258126527|921376743
30|millertands@gmail.com|3982261566071|287093083
31|abbyjdeangelis@hotmail.com|3982261374253|996906813
32|icupkn69@aol.com|3982261969939|240828726
33|jenniferahebert@aol.com|3982261177312|188433577
34|marie_d13@yahoo.com|3982261270286|188433577
35|tiffanynicle13@yahoo.com|3982261873274|916128479
36|gamefreak291@aol.com|3982261877869|680614474
37|awells454@yahoo.com|3972260619348|15042526
38|inman22@yahoo.com|3982261675762|56113342
39|teri.seguin11@gmail.com|39822611979324|5606333
40|lmiller303@gmail.com|3982261283942|55498263
41|Tpippin53@yahoo.com|3982261473664|632254417
42|xoamberalwaysox@gmail.com|3982261383803|22138864athcpid=22138864&athpgid=AthenaItempage&athcgid=null&athznid=siext&athieid=v0&athstid=CS004&athguid=MMYAfIM8nINVC0KWdw2ePapfMGPo9lcoSaDT&athancid=null&athena=true
43|kendralmiller88@gmail.com|3982261777717|144693244
44|Brandon.t.robinson90@gmail.com|3982261278338|393937199
