285333157|odst_j07@hotmail.com|200010809669609|285333157
125675863|zhubingong@gmail.com|200010742671804|125675863
480863972|moulder03@hotmail.com|200010750432583|480863972
492172973|rob.bridge70@gmail.com|200010744744919|492172973
171173804|vickyritamiller@gmail.com|200010876464126|171173804
1844929044|krdeller@aol.com|200010795530786|1844929044
711390169|DavidAcostas23@hotmail.com 200010777736443||711390169
48173944|ChristopherGarcia4332@att.net 200010860476911||48173944
48173943|ChristopherGarcia4332@att.net 200010860476911||48173943
341224001|smstanaszek@gmail.com|200010774720634|341224001
