127
139.99
164.99
43.7
17.47
99.99
98
126.08
129.99
217
204.31
119.99
127
164.62
269.95
105.99
180
165.99
269.95
129.99
165.99
164.62
174.99
169.5
127
187.95
169
144.79
297
98
119.99
180
127
199
127
187.95
148.95
149.98
37.2
129.99
297
169
180
95.95
269.95
25.98
37.88
29.08
29.68
29.68
165.99
199
187.95
38.7
62.99
169.5
39.96
127
49
49
187.95
119.99
164.62
164.62
187.95
79
119
28.28
79
169.65
36
64.87
0
41.99
115.99
139.99
139.99
69
99.99
234.95
278
99.99
59.99
Sai info
64.99
53.73
69
54.94
54
69
69
