200010711378854
200010787209549
200010648980735
200010678822273
200010725873333
200010813177021
200010767426971
200010802980087
200010786726215
200010801133215
200010877189694
'200010785496107
200010826985775
200010905034102
200010761181284
200010773123118
200010690486931
200010776458623
200010777096579
200010821379358
200010806730623
200010700834407
200010732215886
200010731190694
200010801798228
200010908351091
200010787972724
200010708323736
200010910031589
200010996533752
200010838829101
200010846454305
200010856435847
200010886328477
200010823629569
200010879581122
200010909594088
200010909594470
200010932617106
200010834942734
200010739899602
