115.99
115.99
115.99
115.99
115.99
57.99
57.99
57.99
57.99
57.99
0.97
4.88
6.49
42.5
0.97
4.88
6.49
42.5
42.5
42.5
42.5
7.88
129.99
129.99
129.99
129.99
129.99
1.98
6.95
115.99
1.98
6.95
115.99
115.99
115.99
115.99
74
74
74
74
74
61.99
61.99
61.99
61.99
61.99
1.93
1.82
115.99
9.4
115.99
115.99
115.99
115.99
71.74
71.74
71.74
71.74
71.74
69.99
69.99
69.99
69.99
69.99
61.94
61.94
61.94
61.94
61.94
3.48
59.99
59.99
59.99
59.99
59.99
74
74
74
74
74
169
169
169
169
169
3.84
6.49
79.97
1
4.88
3.84
6.49
79.97
1
4.88
79.97
79.97
79.97
1.97
1.94
8.28
42.5
1.97
1.94
8.28
42.5
42.5
42.5
42.5
3.84
0.97
4.88
69.99
6.49
3.84
0.97
4.88
69.99
6.49
3.84
0.97
4.88
69.99
6.49
3.84
0.97
4.88
69.99
6.49
3.84
0.97
4.88
69.99
6.49
79
79
79
79
79
2.34
1.82
1.93
8.99
47.99
2.34
1.82
1.93
8.99
47.99
2.34
1.82
1.93
8.99
47.99
2.34
1.82
1.93
8.99
47.99
47.99
3.84
4.88
59
6.49
0.97
3.84
4.88
59
6.49
0.97
3.84
4.88
59
6.49
0.97
3.84
4.88
59
6.49
0.97
3.84
4.88
59
6.49
0.97
89
89
89
89
89
6.44
149
5.99
149
149
149
149
3.84
4.88
6.49
90
1
3.84
4.88
6.49
90
1
90
90
90
99.23
99.23
99.23
99.23
99.23
3.84
69
69
69
69
9.23
9.23
98
98
98
8.41
69.99
69.99
69.99
69.99
74.83
74.83
74.83
74.83
74.83
8.99
8.99
49.88
49.88
49.88
79
79
79
79
79
11.08
89
89
89
89
55
55
55
55
55
95
95
95
95
95
1.96
1.96
60.99
60.99
60.99
97
97
97
97
97
74
74
74
74
74
1
1
1
54.98
54.98
99.3
99.3
99.3
99.3
99.3
72.49
72.49
72.49
72.49
72.49
90
90
90
90
90
3.84
79
79
79
79
59
59
59
59
59
104.95
104.95
104.95
104.95
104.95
102.99
102.99
102.99
102.99
102.99
1.34
1.34
124.95
124.95
124.95
null
139.8
139.8
139.8
139.8
9
9
149.98
149.98
149.98
null
null
null
null
null
74
74
74
74
74
14.97
49.88
49.88
49.88
49.88
107
107
107
107
107
9.49
9.49
69.99
69.99
69.99
49.88
49.88
49.88
49.88
49.88
1.34
149
149
149
149
9.99
9.99
98
98
98
49.88
49.88
49.88
49.88
49.88
9.23
74.99
74.99
74.99
74.99
9.99
9.99
80.97
80.97
80.97
74.99
74.99
74.99
74.99
74.99
29.99
29.99
29.99
73.99
73.99
null
69.99
69.99
69.99
69.99
9.33
9.33
9.33
69.99
69.99
null
null
149
149
149
49.53
49.53
49.53
49.53
49.53
49.88
49.88
49.88
49.88
49.88
1.83
1.83
109
109
109
60.99
60.99
60.99
60.99
60.99
74
74
74
74
74
1.34
67
67
67
67
10.24
10.24
74
74
74
67.65
67.65
67.65
67.65
67.65
8.59
50.95
50.95
50.95
50.95
49.99
49.99
49.99
49.99
49.99
9.72
9.72
109.99
109.99
109.99
51.53
51.53
51.53
51.53
51.53
49.88
49.88
49.88
49.88
49.88
1.78
99.99
99.99
99.99
99.99
72.49
72.49
72.49
72.49
72.49
49.88
49.88
49.88
49.88
49.88
90
90
90
90
90
