45.48
39
37.87
0
69.99
85
41.28
39.48
40.98
38.99
39.88
38.97
45.98
42.88
39.97
0
39
39.48
39.94
39.74
39.74
39.74
39.74
48.08
48.88
40.79
39.79
32.99
45.99
43.34
29
39.74
34
34
34
49.97
39
65.92
65.92
39
46.99
49.96
55.41
56.99
40.76
66.58
54.99
55
55
55
55
39
19.72
19.72
34.99
48.38
55
37.87
47.95
39.99
39.48
40.48
39.88
48
44.88
47.95
53
37.87
39
39.48
39.99
40.48
40.1
149
42.98
42.98
69.99
99.98
73.99
54
39
49.99
48.88
49.88
55
78.94
48.08
48.99
38.86
39.74
49.97
39.25
37.72
39.48
26.99
43.61
38.99
49.74
39
49.99
38.86
39.74
38.86
39.74
19.72
45.99
69.77
99.99
45.48
39
31.99
39.97
39
-6.99
49.44
37.87
42.89
31.99
39.74
32.98
48
34.99
39.99
43.61
38.68
39
54.99
48.99
39.74
39.25
97.25
73.27
38.86
59.39
53
