200010180290254
200010067396952
200010148520767
200010141825605
200010119131868
200010148796524
200010113458510
200010161661382
200010143055801
200010148947483
200010131842995
200010155030474
200010134679181
200010148778744
200010138026494
200010113919619
200010150829530
200010154022598
200010182547306
200010158461928
200010108118614
200010184980811
200010174549699
200010170255894
200010143689501
200010130537286
200010198773960
200010145067830
200010175907225
200010137869809
200010143284064
200010137695100
200010114169144
200010215215554
200010160998099
200010174620116
200010140614521
200010203345998
200010156492471
200010200652301
200010120929834
200010164675399
200010167274903
200010119338410
200010162450450
200010152223423
200010174356557
200010189462233
200010161565582
200010130710867
200010191814254
200010158829399
200010158829399
200010162976069
200010173193145
200010204504289
200010141149396
200010141149396
200010149354933
200010136918335
200010138716238
200010109933748
200010146209089
200010102427411
200010123869635
200010187172006
200010189632344
200010189632344
200010189632344
200010189632344
200010178169802
200010223370112
200010180491273
200010174013009
200010166294542
200010115366040
200010171891048
200010152962229
200010205648665
200010128888238
200010187329747
200010165935016
200010148377101
200010186406663
200010164957562
200010196888104
200010130793519
200010181321152
200010172483440
200010181322501
200010168976998
200010152438586
