3032214100553
2832231647926
3052217028186
2972267729170
3122233516669
3102225459702
3122232278121
3122232893485
3092224701687
3122233527356
3112227461456
3112227048417
3102226049470
3122232684850
3112227072483
3122233788032
3152237585068
3122233377602
3132234143482
3132234567182
2992202463630
3122233144138
3052216495000
3132234256695
3102225728231
3132234472870
3142236822064
3062219709014
3062218067932
3122233828467
3122233743102
3132234952949
3112228547671
3112228426960
3112228553730
3122232577035
563673581420
3122233223530
3122233869973
3132234657138
3122233154699
3142236959180
3122233532879
3142236318767
3152237884279
3132234462491
3152237180564
3152237092836
3152237585292
3152237686499
