68.88
59.99
55.02
75
138.98
79.99
70.58
74
75
60.52
72.99
48
85
64.98
65.88
74.19
78.85
79.99
54
70.26
48
74
79.99
129.98
139.99
71.4
71.99
25.99
Khác Item
187.95
139.99
60.52
98.99
72.99
48
104.99
65.9
64.88
53.99
174
164
79
66.99
69.9
138.99
67.77
92.99
139
64.99
60.52
239.99
229.95
138.99
109.99
164
104.99
73.99
299
239.99
65.69
67.77
220
217
73.99
99
174
148.95
71.4
53.48
74
71.99
75
59.99
69.97
73.88
68.88
84.88
59.99
74.19
58.48
78.99
92
64.37
79.95
64.48
52.68
79
59.48
60.52
138.98
145.98
79.99
