3942254577372
3972261503563
3932252071488
3992263721935
3972260121636
3982261466602
4032200810611
4062205955585
4072207230095
4082209880772
4062205060389
200010007474823
4112214386229
4122216136487
4102212368826
4092210582385
4112214621612
4122216634152
4112214735312
4142219187092
200010002213452
4142219675674
4142219555264
4142219454658
4142220441956
200010019873513
4162222062848
200010012623485
4212228473689
4162222557016
4162222867612
4232231404822
200010013150827
200010023431482
4172223388476
4182225816602
4192226925167
4192226439631
4232231214582
4182225616108
4242233931863
4192226719052
200010003091701
200010024420604
4242233919933
4232231506241
4202227855302
4242233502912
3752216405054
3962258029249
3902247176380
3902248371292
4002264046329
3962258126527
3992263815846
3992263719434
4002264970072
4002264969505
4012266839857
402226801599
3832232859080
3872240803923
8397221372122
3872241024668
3962259237522
8406221898719
4052203467497
