3882241061566
3902247095978
3912249942556
3972260001593
4032200425126
4042202112046
3932252284600
3942254411751
3932252769225
3942254651541
3982261774063
3982261058863
4002264466126
3992263025867
4012266328230
4032201519824
4112214096558
4052203174261
4122216915403
4122216513733
4092210769963
4112215920827
4082209038184
200010006040004
4142219666657
4132218001895
4142219870853
200010016740668
'4162222973674
4232231203163
4182225515992
4232231145405
4192226825000
4222229891919
4212228886296
200010005421629
4212228068375
4202227650927
4202227649649
4242232991397
200010019661072
4242233541029
200010015854549
