39.99
34.98
40.98
39.99
44.96
39.98
38.97
42.99
37.28
42.99
44.48
389.99
199
45.18
197
215
49.97
79.99
57.5
38.99
43.99
59.99
45.99
199.99
44.99
42.95
52.88
49.45
39.99
39.99
34.99
56.38
31.95
54.98
39.99
54.99
39.88
54.48
39.88
62.98
59.99
59
42.88
39.99
35.99
45.99
59
56.99
55
56.28
79.98
74.98
198
229.99
249.99
209.99
199.99
195.45
177.99
169.99
198
219.97
157
199.99
199.99
235.98
139.99
129.99
219
311.54
179.99
199.99
99.99
124
109.99
209.99
219.99
218
186.99
219.99
198
198
198
247
197.69
256.25
209.97
236.52
220.88
149.99
189.99
162
151.95
169.95
139.56
99.95
249
249
191
209
109.99
279.99
109.95
119
118.99
89.99
129.99
144.99
132
219.99
208.29
null
129.99
187
207.94
209.89
209.99
150.9
129.99
198
null
129.99
139.99
165.99
179.99
125.99
161.99
199.99
139
219
79.99
190.12
73.99
79.96
118.99
187
179.99
138.99
198
169.99
198
182.99
235.4
199.99
99.99
99.99
199.99
109.99
180.99
79.99
149.99
124.99
172
179.99
125
149
98
69
65.99
187
224.21
139.95
226
169.99
199.99
79.95
46
79.99
247
55.48
189
321.68
53.99
63.99
50
32.05
39.99
44.99
149.81
132.99
184
299.99
268
380.68
97
139
129
249
199
209
229
169.99
199.99
241.98
252.8
197
199.95
235.4
209.95
79.99
154.99
169
106
197
234.85
125
156.02
158.29
124.99
245.92
182.99
117.78
136
115.99
249
209.99
169.99
252.99
266.99
229.99
267.99
184.76
169
179.99
179.99
201.6
219.99
219.98
125
133.99
139.99
149.99
197
137
279.99
119
118.99
89.99
89.99
89.99
251.67
207.94
193.99
139.99
69
199.99
219
195
158.9
174.99
115
39.98
150.53
49.58
165
197
239.95
199.95
150
252.99
41.6
229.99
267.94
260.99
251.67
229.99
249.99
116.95
165
169.99
143.84
174.99
169.99
187
198
161.89
182.99
149.99
98
150
138
129.98
162
178
229
197
234.85
229.67
279
197
36.5
241
350.57
169.99
215.04
159.99
149.99
158.29
240.81
247
