12
0
0
10
12
4
99
12
0
1
0
1
12
99
0
12
12
0
0
0
12
12
12
0
12
12
1
12
12
0
12
2
12
0
12
99
12
99
12
10
12
12
12
12
100
0
12
12
12
12
0
3
12
99
12
12
99
5
99
99
12
12
12
10
0
99
12
12
0
12
99
12
12
12
99
12
12
100
12
0
1
12
0
12
12
99
12
0
7
12
99
12
3
12
4
0
2
12
0
12
0
0
0
0
0
50
12
0
99
4
0
12
12
12
12
12
12
12
0
4
12
0
12
12
18
12
0
12
12
12
10
12
11
2
0
12
12
0
12
12
0
12
12
0
0
0
12
12
0
0
12
0
12
99
9
12
0
0
99
99
0
0
10
12
12
0
12
12
8
12
12
12
99
12
3
3
0
12
0
12
12
1
12
12
12
12
12
0
12
3
3
99
12
0
12
0
3
12
12
12
0
0
0
99
12
0
12
12
40
12
12
0
12
100
12
99
12
12
12
2
12
0
99
12
40
12
12
0
12
12
12
12
12
12
12
12
0
99
0
0
12
12
99
99
12
99
99
0
12
2
12
12
12
12
12
12
0
0
99
1
12
12
12
12
12
0
38
12
12
0
12
12
0
0
0
12
2
0
0
12
12
99
3
10
0
12
6
12
12
12
12
0
12
99
3
12
12
99
42
4
0
0
99
12
12
12
10
99
12
11
12
12
12
12
0
12
12
99
12
12
12
12
99
0
12
0
0
99
10
12
12
12
12
12
12
12
99
99
0
12
99
0
99
0
12
12
0
3
0
12
12
12
12
12
10
12
0
12
0
12
12
12
0
12
99
12
12
12
0
9
0
12
12
12
99
2
0
0
12
12
0
12
0
0
0
12
99
12
12
12
12
12
10
99
12
99
7
