79.93
126.61
228
119.99
109.99
119.99
92
98.18
70.82
94
62.74
175.8
99.99
118
212.44
144.88
121.99
129.98
86.99
53.49
299
199
275
159.99
189.99
129.97
129.95
139.99
139.99
169.95
null
139.99
229.58
129.99
112.66
61.66
76.99
229
179.99
92.19
128.09
109.99
89.99
149.95
112.05
74.26
66.66
167.32
198
null
null
179.99
159.6
135.47
89.99
89.99
199.53
142.37
258.18
180.32
129.99
119.99
279
null
87.99
135
148.49
139
199.99
99.99
199.99
119.99
109.99
119.99
144.47
139.99
null
99.99
179.99
159.99
84.99
89.99
133.98
79.99
79.95
111.85
91.99
93.86
224.9
247.1
161.36
177.76
79.99
88.64
91.66
179
119.95
121.4
120.28
199
209
99
70
194.97
93.15
75.99
56.28
83.39
229.97
129
139.99
68.24
null
136.6
149.99
67.71
122
20.37
245
107
81
92.99
143.99
149.99
203.9
159.99
109.99
52.98
54.72
null
90.2
185.16
193.72
99.99
163.99
82.28
219
240
107
47.15
126
69.99
66.8
103.26
125.99
94.98
61.78
65.56
54.98
149.99
119.99
91.74
169.99
278.81
269
199.99
297
null
90.96
39.99
68.37
141.23
110
128.33
199.99
72.98
97
89.87
55
163.94
259.99
154.49
149
139
61.95
83.58
97.68
159
94.99
137
126.55
69.99
274
120
