0
12
12
12
12
12
12
12
12
12
12
5
12
5
12
12
99
3
12
12
4
0
0
12
12
30
9
12
12
0
0
14
2
12
0
12
0
12
1
12
0
12
0
12
99
12
12
99
12
0
12
1
0
7
12
12
19
99
9
99
0
10
0
12
0
12
0
99
0
0
0
12
0
12
6
12
0
12
0
0
12
0
12
0
12
12
12
12
10
99
12
12
0
12
12
11
2
12
12
12
10
0
99
0
2
0
12
12
12
9
12
12
0
12
12
99
1
0
99
12
99
12
0
0
12
0
12
99
0
0
12
99
0
12
12
12
12
0
12
12
12
12
0
12
12
99
12
12
3
12
12
9
0
5
99
12
3
0
12
12
12
12
5
12
12
0
99
12
12
12
0
12
99
99
12
12
12
0
12
0
99
100
99
99
0
0
43
100
0
12
100
100
0
12
34
0
24
12
78
12
12
12
0
1
36
0
12
12
0
12
4
12
12
0
1
4
12
12
4
99
0
0
0
11
12
91
12
0
0
99
12
12
12
3
0
12
12
99
0
12
0
0
12
0
0
99
12
12
0
12
12
12
12
1
68
99
99
3
99
12
6
12
1
0
2
0
0
0
12
0
12
99
12
12
12
5
5
12
12
0
12
9
12
0
12
12
62
12
12
0
10
0
4
12
12
0
12
5
2
12
12
2
0
25
99
3
12
0
99
12
12
0
16
0
12
12
12
12
12
12
12
12
0
12
99
12
12
12
99
12
12
2
12
11
12
12
0
12
47
3
12
12
0
12
12
99
12
6
12
12
12
99
2
12
12
12
0
12
0
99
12
99
0
12
12
12
0
12
12
12
12
0
0
12
0
12
8
0
5
0
12
10
12
99
99
12
12
12
12
12
0
12
8
50
0
0
12
12
99
12
4
12
12
12
12
99
3
7
12
11
12
0
12
0
0
99
0
12
0
62
0
12
3
0
12
12
0
99
0
12
0
0
96
0
12
0
12
12
12
12
12
12
12
12
12
12
0
3
0
0
0
0
100
0
12
12
0
0
12
0
0
12
12
0
1
0
12
99
0
12
1
0
99
99
12
0
12
12
12
12
12
2
12
12
12
12
8
0
24
12
99
0
0
6
12
0
12
0
12
12
12
12
12
12
0
12
0
99
12
12
12
12
12
12
10
12
0
12
0
0
12
99
18
0
100
100
12
12
12
10
12
12
12
0
10
12
99
4
12
41
12
12
0
12
12
12
12
1
12
12
99
12
12
0
12
12
12
99
99
12
6
0
99
0
12
12
12
12
12
12
12
99
24
12
12
12
12
12
12
12
99
0
12
12
0
0
12
12
6
12
12
12
12
12
12
12
25
12
12
12
99
12
12
0
12
12
0
12
0
12
12
2
12
36
0
12
0
12
12
12
12
0
12
12
12
12
12
0
99
12
12
99
12
12
12
12
0
0
12
12
12
0
4
6
12
0
0
0
12
0
99
0
12
12
99
12
99
0
0
69
0
86
12
10
12
12
0
12
12
12
12
0
12
99
0
0
12
99
0
12
12
0
99
12
12
12
12
0
99
99
12
80
15
12
12
12
0
10
3
12
12
99
12
3
12
12
99
99
0
99
12
63
12
0
8
12
12
12
12
12
98
99
10
12
12
0
12
12
12
99
0
12
12
12
0
12
0
99
12
12
0
12
1
48
12
0
12
12
12
50
12
12
99
0
12
12
5
10
0
12
4
99
12
12
99
12
0
12
12
12
12
1
99
12
0
2
12
12
12
12
11
0
12
12
12
12
10
12
99
12
12
12
12
12
12
12
0
12
0
12
12
0
0
12
99
12
99
9
0
99
0
12
12
12
99
12
12
12
12
40
12
0
12
12
12
12
12
12
99
12
12
12
12
0
5
12
12
12
2
0
12
99
99
3
12
12
0
12
12
12
3
99
12
12
12
12
12
12
12
0
12
12
12
0
12
99
12
12
12
12
12
12
35
0
30
71
30
99
12
12
5
1
1
12
0
12
100
99
99
12
0
12
0
12
12
12
99
0
0
10
99
1
2
1
2
12
12
1
12
12
0
0
1
12
10
25
12
12
99
12
1
12
12
9
12
0
0
99
10
12
12
5
12
12
12
12
12
12
100
90
12
12
1
12
12
99
12
1
12
99
5
12
0
12
12
0
12
1
4
12
0
12
12
12
12
12
12
99
12
0
4
12
12
12
99
12
12
12
10
12
12
0
12
12
4
0
12
12
12
12
12
50
25
1
12
12
12
12
0
12
10
99
11
12
0
12
99
12
99
12
10
12
12
6
0
1
0
12
12
0
0
0
1
12
2
12
12
12
12
69
10
12
36
0
12
12
99
6
12
12
10
100
0
12
12
12
12
12
10
4
34
12
12
12
0
99
0
0
0
12
12
99
12
0
99
6
12
12
99
12
12
12
12
12
66
12
99
12
12
12
12
12
3
100
12
12
12
12
4
12
12
7
0
12
99
99
12
12
12
12
12
0
12
12
12
12
12
14
12
0
6
3
12
1
0
99
12
0
0
0
0
0
0
0
0
0
12
5
4
5
0
99
5
5
5
12
12
0
6
12
1
6
10
99
12
0
0
12
10
12
99
12
12
99
12
99
12
12
12
12
12
12
99
12
99
0
12
12
12
12
99
0
12
99
99
99
99
0
12
0
12
12
99
8
72
99
12
12
12
11
12
0
99
12
7
12
2
99
12
15
2
0
0
12
12
12
50
0
0
0
12
12
12
29
12
12
99
99
0
12
3
2
12
12
12
99
12
11
6
10
2
12
2
12
12
12
12
12
12
12
12
12
12
12
12
12
12
71
12
12
0
99
99
12
17
12
92
99
12
0
1
2
25
12
12
99
99
99
0
99
12
12
1
12
12
12
99
12
99
2
12
12
11
5
12
12
12
99
12
12
12
99
12
12
10
12
12
99
12
99
1
12
12
12
12
12
12
99
12
1
10
0
7
100
0
12
12
2
12
12
99
0
85
12
12
1
12
12
12
12
12
12
12
3
2
11
12
12
12
12
12
12
12
0
99
99
12
99
0
4
10
24
12
12
12
12
0
0
12
12
12
12
99
12
99
99
99
12
12
0
12
12
7
99
12
99
8
12
12
12
12
12
12
12
12
99
12
12
12
12
12
6
0
12
12
0
12
12
12
12
0
12
12
12
99
12
12
12
99
12
99
12
12
12
12
12
12
99
11
97
99
12
39
99
12
12
99
12
12
12
12
99
3
12
12
15
12
12
9
99
12
99
99
99
99
99
99
12
12
99
2
5
80
99
0
99
12
0
5
99
12
12
4
12
0
12
12
0
12
99
11
0
12
12
12
0
6
10
47
12
12
0
12
0
12
12
99
0
0
99
12
18
60
10
12
12
16
99
99
0
12
12
12
12
12
99
0
0
2
0
12
12
99
0
0
12
12
0
99
0
99
12
10
0
99
12
0
0
20
12
0
99
99
0
12
12
12
99
45
99
99
12
99
4
99
12
12
12
12
12
99
12
12
0
12
12
99
12
0
12
0
99
6
0
12
0
12
99
12
6
12
12
6
12
12
12
12
12
12
2
62
0
12
12
12
0
0
12
12
16
99
12
1
5
12
12
12
12
3
12
12
12
12
10
12
12
12
12
12
12
11
12
7
5
5
4
12
99
12
12
10
12
12
0
0
12
99
99
99
12
0
12
0
0
99
0
11
0
0
99
12
12
99
12
1
0
0
0
12
12
11
12
0
0
0
12
12
0
0
7
0
12
6
0
10
