289
10
7
763
150
170
1151
112
196
3418
0
32
112
114
8
47
34
3
417
0
209
27
1
22
16
269
15
11
95
1
44
275
106
7
5
16
118
86
10
98
91
0
1
1335
0
25
1
12
83
1
6
355
190
8
26
26
125
26
22
113
7
51
181
1
14
87
19
306
33
0
23
28
4
261
4
9
65
6
2
12
1886
5
24
216
29
515
46
49
30
28
141
203
238
86
11
244
191
718
8
0
7
87
74
20
0
33
3
7
46
89
20
17
0
22
4
1
44
1131
17
22
190
55
129
77
795
11
287
23
10
209
2
0
1
280
31
2
1
71
0
12
7
17
377
0
4
3
566
40
317
209
8
33
22
24
21
83
67
67
517
6
18
0
26
12
68
1059
8
72
97
62
106
49
8
19
44
3
4
182
473
16
28
90
52
26
136
20
12
7
26
82
97
175
2
1
527
23
17
81
6
4
83
441
62
86
18
41
10
327
110
5
67
1215
37
645
21
255
98
19
406
165
433
7
252
2
1
1101
2
943
10
1
43
195
5
2
23
8
27
0
14
57
32
17
85
509
0
0
67
563
134
282
3546
350
2
0
213
5
181
140
59
230
14
8
473
437
67
57
241
45
25
992
2
63
3
0
45
20
1784
69
25
38
21
442
2
33
0
37
132
166
7
0
199
35
0
63
70
0
34
728
344
5001
57
58
729
13
18
39
18
182
122
19
3
83
29
0
13
41
29
0
3
50
0
53
28
11
17
4
582
49
16
16
1498
314
895
35
11
306
24
1
1754
148
8
70
10
21
7
6
5211
14
72
93
516
477
7
60
44
2
63
1
34
71
16
500
65
65
11
53
1854
0
13
9
11
9
162
216
15
30
927
0
1089
81
81
1
0
56
1
83
62
9
421
64
0
61
71
0
10243
35
400
23
103
9
19
216
52
7
2
12
260
119
47
119
2162
24
202
8
1465
34
45
20
10
543
956
18
3
117
442
176
48
8
37
2
65
604
121
547
286
6
1646
282
5
41
30
0
351
25
2854
11
463
89
8
8
8
711
4
52
1492
27
31
210
10
24
221
298
48
110
350
1199
12
933
104
858
22
2267
365
54
71
1623
1011
9
5290
942
20
46
194
517
5
9
141
99
144
436
31
7
399
89
38
0
173
198
28
16
83
16
23
72
2171
475
809
10
9
4
128
57
108
24
12
250
10
2
433
382
579
38
15
7
105
19
170
20
212
114
5426
1027
5
404
13
135
261
552
42
1
201
692
16
90
383
3
712
23
3
6
812
16
1
0
18
197
0
76
0
106
39
395
0
74
318
520
635
3
797
70
0
2
34
6
1
35
7
29
7
12
28
51
13
380
103
694
48
887
20
41
15
94
274
30
30
1561
15
16
561
51
96
245
12
149
8
95
17
33
1014
3
52
58
138
187
313
279
521
507
514
1207
691
84
684
43
1327
46
4
269
634
510
45
433
1804
0
423
90
53
17
39
34
604
0
305
48
222
17
6
159
412
735
24
21
57
0
16
4345
424
218
6
234
5
673
167
221
119
2
78
551
130
293
12
16
28
8
134
904
98
2031
85
15
566
10
69
25
7
26
43
1326
14
1
43
5
3318
1375
18
178
462
122
44
17
93
666
23
4
37
0
67
286
132
41
125
1010
508
134
208
95
1
5
35
57
115
288
4
922
3061
6
47
822
45
307
1
52
5
21
70
10
572
2648
215
361
1380
111
57
84
83
25
51
904
167
3462
726
294
17
168
23
87
2
5
37
11
5
446
813
492
162
41
1244
123
200
8
36
568
102
14
12
34
25
233
65
44
10
30
1
198
2347
2472
25
15
27
2854
91
39
135
37
62
626
15
18
162
12
26
15
207
1
9
14
430
817
609
66
231
36
1
456
1747
0
404
7
164
221
48
303
447
253
212
44
6
490
4
162
17
1492
470
16
75
19
150
2
9
9
208
39
456
255
120
32
496
60
1
21
507
36
257
112
0
79
673
0
143
74
215
28
108
6059
831
13
15
20
1475
79
2
17
83
107
4142
29
9
11
1023
26
240
586
125
689
88
18
141
12
47
22
72
18
99
70
286
18
13
142
15
96
202
141
0
33
193
473
57
91
2236
167
260
19
250
41
172
205
185
27
7
0
186
192
30
173
27
110
279
720
4
173
53
43
171
49
173
36
541
53
29
170
29
156
172
169
72
152
79
309
622
20
586
177
4056
96
0
71
17
150
82
10
732
41
7
121
1828
839
28
174
142
149
291
323
2
17
40
344
38
158
3377
97
83
27
592
2
4
12
3
1
1
24
1
1642
25
57
179
76
43
35
8
64
3
325
22
28
106
47
204
1330
84
107
234
18
23
226
70
152
15
24
705
45
56
165
35
6
44
13
571
437
24
56
397
3
66
0
235
26
16
34
32
388
96
413
9
11
769
13
65
303
38
3
88
49
287
892
806
51
3
104
375
17
72
483
5
3
145
380
12
28
243
1
20
14
37
26
51
117
34
33
197
349
63
660
3
55
73
59
14
422
11
53
690
6
69
57
42
0
255
29
539
170
116
59
0
192
438
37
119
44
1
24
10
40
1605
79
72
3
32
102
198
103
50
84
173
235
77
130
14
231
33
228
24
23
23
57
29
24
60
104
1835
31
809
703
641
4
61
42
14
97
32
64
79
32
4
160
35
39
15
102
25
20
416
259
174
47
204
21
123
46
661
81
2
1
9
409
10
367
62
3
22
161
36
7
5
684
18
476
3
26
509
294
20
426
27
20
1328
655
27
48
7
3
634
164
224
106
30
12
13
1
30
84
27
512
1314
4
669
27
2
1465
381
0
47
0
67
73
108
151
12
29
8
229
0
137
2
120
3
45
51
4
50
56
335
11
74
9
18
7
11
208
39
15
52
0
2
671
22
710
10
42
3049
1
545
8
11
9
9
108
1
37
50
15
17
7
74
7678
9
67
135
47
5
328
2149
509
10
165
380
309
80
36
47
237
35
87
15
192
7
15
2
63
198
141
20
230
7
28
386
33
91
324
53
33
830
5
478
18
219
6
168
3
265
112
4
128
330
0
87
15
45
190
265
1
156
92
3
14
31
611
1490
14
602
0
174
26
1499
777
47
5
228
78
19
19
40
128
25
26
2
175
19
26
31
54
30
2
84
45
34
86
730
327
114
108
191
4
37
20
479
53
608
20
226
5
5
8
6
7
6
8
148
6
10
30
79
0
27
79
541
592
473
9807
23
0
89
13
