2422
157
47
588
1564
2329
1209
230
1618
2889
1226
520
139
1285
310
128
24
252
221
394
130
1112
186
1166
63
878
42
8
443
2
1258
402
1153
68
567
211
96
219
42
216
202
196
56
4168
423
57
15
27
93
2543
193
504
322
7
135
91
67
38
42
486
82
222
724
97
40
215
44
205
152
210
90
71
47
217
104
32
95
50
30
13
3559
27
184
170
282
2115
69
106
155
105
81
1321
352
1018
34
197
152
736
35
503
15
1660
1160
120
428
371
14
215
73
179
713
61
65
87
196
5
40
1732
113
365
196
286
386
197
2768
62
174
59
173
604
36
195
54
1482
33
1932
159
263
10
49
51
86
950
7
4
31
881
17
87
268
134
99
23
35
174
104
1785
79
612
109
18
31
186
35
49
2127
6
147
273
83
128
33
17
49
53
71
20
630
1266
63
42
238
191
29
64
132
25
42
47
216
166
192
100
267
530
29
95
118
6
11
166
1202
76
181
55
54
14
574
138
9
197
697
139
1009
201
780
154
59
131
351
571
27
1265
62
10
1688
59
1835
136
243
181
1444
19
22
52
39
60
26
155
137
23
37
116
1104
16
48
83
302
141
1065
2170
553
8
49
385
32
240
281
721
685
11
16
923
598
532
395
271
73
190
2316
9
126
15
130
30
43
2866
88
46
33
193
871
264
777
1018
14
165
197
12
320
113
32
52
39
223
186
288
1303
237
8495
242
52
947
35
40
37
24
1025
236
19
22
92
29
57
72
335
190
169
21
255
493
982
44
10
200
41
960
573
18
16
2211
1213
1756
117
54
180
228
73
4021
139
33
153
10
282
46
194
8760
561
208
143
722
294
17
323
77
3
162
106
57
61
34
842
103
93
24
54
3652
179
27
42
64
12
324
337
31
100
231
6
1345
105
66
12
4
146
175
295
24
137
1382
196
130
127
385
57
7104
44
535
27
142
8
54
285
220
43
8
41
400
183
20
464
4582
55
387
12
2281
21
85
30
63
537
1814
48
13
149
1920
681
97
4
45
7
137
1038
118
1488
400
15
1110
102
11
35
177
4
309
60
2426
12
434
443
10
5
12
592
86
202
1643
15
96
252
42
159
512
838
63
466
353
2134
18
1642
767
1907
180
5209
508
69
43
3553
1737
10
5465
905
78
65
391
2201
8
1770
568
426
220
751
32
363
244
830
66
65
188
439
37
7
135
30
79
95
2341
768
502
117
709
19
116
53
104
29
30
283
20
24
770
1443
1038
23
31
39
348
44
491
186
125
85
3591
5162
6
2312
23
177
819
1798
107
17
395
493
68
389
565
14
508
11
9
187
2672
9
4
182
47
326
26
163
4
86
28
555
25
124
374
1515
784
88
1647
41
4
115
61
35
6
1519
21
28
18
66
38
163
18
1654
478
696
53
2643
24
503
23
168
561
67
20
969
20
26
268
35
888
96
71
248
6
149
6
64
967
32
140
60
94
230
175
161
1404
854
978
2580
532
177
1329
91
4360
81
8
298
1237
912
99
828
714
35
931
376
90
36
166
92
1956
25
406
225
396
59
20
257
823
440
527
40
87
7
36
6918
1040
229
4
574
13
907
608
418
405
107
160
380
473
533
53
82
62
30
226
1099
68
1976
1398
7
1086
8
67
28
10
23
49
1277
46
2
53
21
2392
1669
83
247
1525
153
66
23
970
720
28
8
171
5
232
371
451
112
185
2420
1893
901
363
119
1
172
179
102
233
740
18
1227
6256
6
150
1158
1185
630
43
118
12
3367
43
8
2090
4876
817
624
3714
82
109
1198
1112
142
214
1380
284
3423
359
362
34
291
39
115
26
27
38
40
6
568
923
467
610
105
1838
215
227
12
45
1345
128
31
17
51
53
87
136
703
30
48
3
494
4333
1980
39
37
29
1917
31
23
422
84
93
781
43
226
896
31
4555
4
712
3
19
18
111
506
477
62
419
46
31
2147
2744
208
238
623
1431
208
71
3044
519
769
409
32
70
413
9
230
150
1456
542
59
262
25
101
3
20
15
182
119
1370
2158
293
147
1459
68
4
19
6536
90
462
55
80
126
1245
72
791
106
723
47
263
3476
495
71
20
35
2168
87
320
29
101
184
6742
42
160
212
6496
32
365
1627
716
2327
177
31
256
7
83
218
328
10
80
1550
839
32
6
2235
111
116
153
244
93
29
139
3436
561
806
6551
193
764
18
777
104
787
269
868
25
52
4
856
829
323
936
479
232
743
604
10
888
69
297
895
281
888
44
352
107
300
895
39
957
894
901
59
933
118
262
297
20
289
255
6664
52
111
99
87
166
158
45
1188
19
79
152
1206
806
78
136
317
116
339
561
80
113
57
1432
46
212
5137
82
35
18
1463
0
2
54
1579
41
42
61
18
1850
41
7449
2016
123
141
157
407
46
18
217
20
75
420
89
597
1172
163
86
1268
30
54
746
26
330
31
55
1298
42
21
945
65
7
120
33
1443
345
19
28
824
10
70
24
303
101
75
17
54
556
133
3687
21
12
887
16
196
209
41
2
141
49
433
1650
163
29
4
188
262
277
105
347
6
4
647
375
57
14
303
36
36
221
61
44
157
159
34
63
169
2145
47
1137
295
131
215
78
607
701
47
63
1634
6
39
125
145
8
199
74
245
440
357
32
91
139
542
55
55
38
7
226
34
109
4092
63
106
36
240
202
435
277
61
1864
85
1010
98
123
48
768
61
308
47
66
46
46
24
18
66
4013
2290
76
1345
3349
698
11
39
60
70
60
57
182
209
34
20
86
90
20
90
155
24
45
413
274
1266
41
308
37
281
110
6
97
12
26
10
351
10
370
50
15
30
239
9
17
35
3462
19
207
12
35
1095
266
47
758
119
11
1863
1148
84
61
12
14
897
190
754
26
44
9
19
0
147
50
82
3012
2605
10
500
158
0
627
869
18
785
72
70
90
159
169
102
105
12
737
33
135
33
240
10
314
76
2
185
88
370
16
44
4
139
3
5
124
29
6
152
7
77
317
32
2008
1
40
2749
281
1013
2
2
1
3
47
11
323
70
69
71
12
83
7740
3
326
129
179
0
227
3240
1299
7
104
399
558
54
31
25
295
223
135
272
366
9
122
60
107
443
237
105
298
16
11
911
868
103
1802
184
37
742
264
328
7
300
7
188
442
220
118
3
288
568
3
92
81
84
943
121
3
508
96
3
9
39
1473
1777
11
184
135
208
22
1743
929
127
5
324
117
18
55
52
227
14
29
3
163
20
89
18
58
101
2
78
239
45
672
490
1897
277
153
344
5
84
42
469
517
763
6
505
2
1
2
3
2
2
2
212
2
0
39
79
0
26
445
1113
937
328
0
27
0
109
60
