423
233
631
111
415
273
121
186
527
1177
259
628
358
201
833
58
295
972
6
354
86
688
6
55
297
189
1717
901
1415
1015
137
3
1156
251
70
66
12
1254
60
103
86
120
728
25
93
76
43
1220
37
78
1371
34
52
453
54
27
218
105
113
1330
542
146
13
52
654
1250
7
14
25
117
394
634
64
351
600
2570
63
242
76
16
589
3795
70
5543
702
1820
294
493
70
16
106
3147
1975
190
22
174
408
145
176
696
765
75
78
25
105
21
14
1363
17
58
122
811
267
72
2430
2
121
1
14014
2
9
216
311
11339
11156
321
14490
1018
26
1026
116
192
41
258
30
18
10
6681
34
4125
157
138
404
2960
19
367
663
10749
966
90
56
26
861
37
102
182
17
102
1999
1525
221
306
78
337
240
108
54
2
2583
268
293
320
2048
5
31
280
69
1023
295
38
1005
71
823
39
6750
50
35
73
1176
80
814
350
24
52
60
1788
196
1426
2406
1245
66
362
168
124
188
79
3312
22
50
138
127
935
74
362
49
21
159
1
1892
609
167
31
208
42
17
24
269
48
190
51
39
742
12
18
42
98
270
88
200
2773
521
95
83
493
525
88
6
110
76
3333
1011
253
24
237
6
21
516
220
48
33
15
203
209
15450
1627
34
158
8
1658
320
915
6662
27
24
1240
93
124
40
69
270
10
17
30
235
2514
1292
1230
19
17
51
5
106
215
1088
7
44
1232
67
11
1365
12
1527
234
9
113
74
887
59
1357
3178
231
18
186
48
208
34
11
583
342
148
1258
47
14
55
31
15
157
69
25
43
20
4762
528
51
13
39
21
346
297
434
115
1582
1350
140
2560
36
113
3645
239
441
51
45
460
4052
286
92
314
132
199
3524
16
13
203
471
560
268
15
69
7060
4146
198
1290
58
101
1649
121
32
143
299
183
228
33
188
287
80
829
43
1036
469
137
66
88
872
88
951
194
145
1137
261
279
321
108
14202
130
184
40
548
1027
330
193
343
547
240
144
316
160
243
649
441
20
683
65
500
207
2319
99
32
246
166
4198
87
80
120
919
240
93
9
2096
290
2064
2815
132
1503
68
1808
79
648
75
45
2604
653
63
153
638
263
36
3046
1667
3524
253
461
207
2385
1134
241
250
93
207
323
58
101
606
1728
3919
51
123
771
65
647
14
106
189
293
1747
194
229
223
28
71
206
254
311
223
28
1087
71
132
89
119
20
155
50
27
43
345
35
1758
77
442
234
6
388
164
971
19
48
387
40
700
241
80
64
29
214
37
1069
2829
17
51
2659
389
85
124
48
60
3188
9
388
77
18
143
23
651
11
157
12
808
89
5739
1193
7
1984
934
1595
69
28
4975
16
387
27
758
119
50
170
60
35
580
76
7479
206
11279
236
95
14
972
60
186
722
1137
520
33
80
1666
1226
104
359
171
1040
55
29
27
40
46
2232
62
38
51
12
69
66
1802
367
525
146
583
140
34
15
901
62
9
111
22
1922
42
407
11
823
150
46
2
2969
124
609
1128
33
1633
1363
70
70
986
95
400
84
1970
435
483
1250
1987
157
56
14
331
38
356
1408
213
200
19
67
573
220
220
14
506
765
871
9573
135
334
133
660
85
369
163
5710
460
4011
485
228
714
137
348
554
788
29
29
689
1985
121
113
370
135
1319
5511
174
116
60
4584
446
8184
310
539
4804
252
4638
3930
85
110
344
23
13
