11103957
11103957
11103957
11103957
11103957
11103957
11103957
11103957
11103957
11103957
11103957
11103957
11103957
11103957
11103957
11103957
11103957
11103957
11103957
11103957
11103957
11115674
11115674
11115674
11115674
11115674
11115674
11115674
11115674
11115674
11115674
11115674
11115674
11115674
11115674
11115674
11115674
11115674
11115674
11115674
11115674
11115674
11135331
11135331
11135331
11135331
11135331
11135331
11135331
11135331
11135331
11135331
11135331
11135331
11135331
11135331
11135331
11135331
11135331
11135331
11135331
11135331
11135331
11166729
11166729
11166729
11166729
11166729
11166729
11166729
11166729
11166729
11166729
11166729
11166729
11166729
11166729
11166729
11166729
11166729
11166729
11166729
11166729
11166729
11186135
11186135
11186135
11186135
11186135
11186135
11186135
11186135
11186135
11186135
11186135
11186135
11186135
11186135
11186135
11186135
11186135
11186135
11186135
11186135
11186135
11189155
11189155
11189155
11189155
11189155
11189155
11189155
11189155
11189155
11189155
11189155
11189155
11189155
11189155
11189155
11189155
11189155
11189155
11189155
11189155
11189155
11194871
11194871
11194871
11194871
11194871
11194871
11194871
11194871
11194871
11194871
11194871
11194871
11194871
11194871
11194871
11194871
11194871
11194871
11194871
11194871
11194871
11225793
11225793
11225793
11225793
11225793
11225793
11225793
11225793
11225793
11225793
11225793
11225793
11225793
11225793
11225793
11225793
11225793
11225793
11225793
11225793
11225793
11228791
11228791
11228791
11228791
11228791
11228791
11228791
11228791
11228791
11228791
11228791
11228791
11228791
11228791
11228791
11228791
11228791
11228791
11228791
11228791
11228791
11235262
11235262
11235262
11235262
11235262
11235262
11235262
11235262
11235262
11235262
11235262
11235262
11235262
11235262
11235262
11235262
11235262
11235262
11235262
11235262
11235262
11242866
11242866
11242866
11242866
11242866
11242866
11242866
11242866
11242866
11242866
11242866
11242866
11242866
11242866
11242866
11242866
11242866
11242866
11242866
11242866
11242866
11246407
11246407
11246407
11246407
11246407
11246407
11246407
11246407
11246407
11246407
11246407
11246407
11246407
11246407
11246407
11246407
11246407
11246407
11246407
11246407
11246407
11246413
11246413
11246413
11246413
11246413
11246413
11246413
11246413
11246413
11246413
11246413
11246413
11246413
11246413
11246413
11246413
11246413
11246413
11246413
11246413
11246413
11248244
11248244
11248244
11248244
11248244
11248244
11248244
11248244
11248244
11248244
11248244
11248244
11248244
11248244
11248244
11248244
11248244
11248244
11248244
11248244
11248244
11248423
11248423
11248423
11248423
11248423
11248423
11248423
11248423
11248423
11248423
11248423
11248423
11248423
11248423
11248423
11248423
11248423
11248423
11248423
11248423
11248423
11253054
11253054
11253054
11253054
11253054
11253054
11253054
11253054
11253054
11253054
11253054
11253054
11253054
11253054
11253054
11253054
11253054
11253054
11253054
11253054
11253054
11264803
11264803
11264803
11264803
11264803
11264803
11264803
11264803
11264803
11264803
11264803
11264803
11264803
11264803
11264803
11264803
11264803
11264803
11264803
11264803
11264803
11265220
11265220
11265220
11265220
11265220
11265220
11265220
11265220
11265220
11265220
11265220
11265220
11265220
11265220
11265220
11265220
11265220
11265220
11265220
11265220
11265220
11290477
11290477
11290477
11290477
11290477
11290477
11290477
11290477
11290477
11290477
11290477
11290477
11290477
11290477
11290477
11290477
11290477
11290477
11290477
11290477
11290477
11316274
11316274
11316274
11316274
11316274
11316274
11316274
11316274
11316274
11316274
11316274
11316274
11316274
11316274
11316274
11316274
11316274
11316274
11316274
11316274
11316274
11317229
11317229
11317229
11317229
11317229
11317229
11317229
11317229
11317229
11317229
11317229
11317229
11317229
11317229
11317229
11317229
11317229
11317229
11317229
11317229
11317229
11325915
11325915
11325915
11325915
11325915
11325915
11325915
11325915
11325915
11325915
11325915
11325915
11325915
11325915
11325915
11325915
11325915
11325915
11325915
11325915
11325915
11330625
11330625
11330625
11330625
11330625
11330625
11330625
11330625
11330625
11330625
11330625
11330625
11330625
11330625
11330625
11330625
11330625
11330625
11330625
11330625
11330625
11332984
11332984
11332984
11332984
11332984
11332984
11332984
11332984
11332984
11332984
11332984
11332984
11332984
11332984
11332984
11332984
11332984
11332984
11332984
11332984
11332984
11334369
11334369
11334369
11334369
11334369
11334369
11334369
11334369
11334369
11334369
11334369
11334369
11334369
11334369
11334369
11334369
11334369
11334369
11334369
11334369
11334369
11340221
11340221
11340221
11340221
11340221
11340221
11340221
11340221
11340221
11340221
11340221
11340221
11340221
11340221
11340221
11340221
11340221
11340221
11340221
11340221
11340221
11345702
11345702
11345702
11345702
11345702
11345702
11345702
11345702
11345702
11345702
11345702
11345702
11345702
11345702
11345702
11345702
11345702
11345702
11345702
11345702
11345702
11354186
11354186
11354186
11354186
11354186
11354186
11354186
11354186
11354186
11354186
11354186
11354186
11354186
11354186
11354186
11354186
11354186
11354186
11354186
11354186
11354186
11370931
11370931
11370931
11370931
11370931
11370931
11370931
11370931
11370931
11370931
11370931
11370931
11370931
11370931
11370931
11370931
11370931
11370931
11370931
11370931
11370931
11378761
11378761
11378761
11378761
11378761
11378761
11378761
11378761
11378761
11378761
11378761
11378761
11378761
11378761
11378761
11378761
11378761
11378761
11378761
11378761
11378761
11395772
11395772
11395772
11395772
11395772
11395772
11395772
11395772
11395772
11395772
11395772
11395772
11395772
11395772
11395772
11395772
11395772
11395772
11395772
11395772
11395772
11397438
11397438
11397438
11397438
11397438
11397438
11397438
11397438
11397438
11397438
11397438
11397438
11397438
11397438
11397438
11397438
11397438
11397438
11397438
11397438
11397438
11413238
11413238
11413238
11413238
11413238
11413238
11413238
11413238
11413238
11413238
11413238
11413238
11413238
11413238
11413238
11413238
11413238
11413238
11413238
11413238
11413238
11419626
11419626
11419626
11419626
11419626
11419626
11419626
11419626
11419626
11419626
11419626
11419626
11419626
11419626
11419626
11419626
11419626
11419626
11419626
11419626
11419626
11424193
11424193
11424193
11424193
11424193
11424193
11424193
11424193
11424193
11424193
11424193
11424193
11424193
11424193
11424193
11424193
11424193
11424193
11424193
11424193
11424193
11426332
11426332
11426332
11426332
11426332
11426332
11426332
11426332
11426332
11426332
11426332
11426332
11426332
11426332
11426332
11426332
11426332
11426332
11426332
11426332
11426332
11435033
11435033
11435033
11435033
11435033
11435033
11435033
11435033
11435033
11435033
11435033
11435033
11435033
11435033
11435033
11435033
11435033
11435033
11435033
11435033
11435033
11440540
11440540
11440540
11440540
11440540
11440540
11440540
11440540
11440540
11440540
11440540
11440540
11440540
11440540
11440540
11440540
11440540
11440540
11440540
11440540
11440540
11447952
11447952
11447952
11447952
11447952
11447952
11447952
11447952
11447952
11447952
11447952
11447952
11447952
11447952
11447952
11447952
11447952
11447952
11447952
11447952
11447952
11449678
11449678
11449678
11449678
11449678
11449678
11449678
11449678
11449678
11449678
11449678
11449678
11449678
11449678
11449678
11449678
11449678
11449678
11449678
11449678
11449678
11462095
11462095
11462095
11462095
11462095
11462095
11462095
11462095
11462095
11462095
11462095
11462095
11462095
11462095
11462095
11462095
11462095
11462095
11462095
11462095
11462095
11462133
11462133
11462133
11462133
11462133
11462133
11462133
11462133
11462133
11462133
11462133
11462133
11462133
11462133
11462133
11462133
11462133
11462133
11462133
11462133
11462133
11466155
11466155
11466155
11466155
11466155
11466155
11466155
11466155
11466155
11466155
11466155
11466155
11466155
11466155
11466155
11466155
11466155
11466155
11466155
11466155
11466155
11474533
11474533
11474533
11474533
11474533
11474533
11474533
11474533
11474533
11474533
11474533
11474533
11474533
11474533
11474533
11474533
11474533
11474533
11474533
11474533
11474533
11482626
11482626
11482626
11482626
11482626
11482626
11482626
11482626
11482626
11482626
11482626
11482626
11482626
11482626
11482626
11482626
11482626
11482626
11482626
11482626
11482626
11483310
11483310
11483310
11483310
11483310
11483310
11483310
11483310
11483310
11483310
11483310
11483310
11483310
11483310
11483310
11483310
11483310
11483310
11483310
11483310
11483310
11483358
11483358
11483358
11483358
11483358
11483358
11483358
11483358
11483358
11483358
11483358
11483358
11483358
11483358
11483358
11483358
11483358
11483358
11483358
11483358
11483358
11484478
11484478
11484478
11484478
11484478
11484478
11484478
11484478
11484478
11484478
11484478
11484478
11484478
11484478
11484478
11484478
11484478
11484478
11484478
11484478
11484478
11488863
11488863
11488863
11488863
11488863
11488863
11488863
11488863
11488863
11488863
11488863
11488863
11488863
11488863
11488863
11488863
11488863
11488863
11488863
11488863
11488863
11492803
11492803
11492803
11492803
11492803
11492803
11492803
11492803
11492803
11492803
11492803
11492803
11492803
11492803
11492803
11492803
11492803
11492803
11492803
11492803
11492803
11493625
11493625
11493625
11493625
11493625
11493625
11493625
11493625
11493625
11493625
11493625
11493625
11493625
11493625
11493625
11493625
11493625
11493625
11493625
11493625
11493625
11493777
11493777
11493777
11493777
11493777
11493777
11493777
11493777
11493777
11493777
11493777
11493777
11493777
11493777
11493777
11493777
11493777
11493777
11493777
11493777
11493777
11494259
11494259
11494259
11494259
11494259
11494259
11494259
11494259
11494259
11494259
11494259
11494259
11494259
11494259
11494259
11494259
11494259
11494259
11494259
11494259
11494259
11494822
11494822
11494822
11494822
11494822
11494822
11494822
11494822
11494822
11494822
11494822
11494822
11494822
11494822
11494822
11494822
11494822
11494822
11494822
11494822
11494822
11495010
11495010
11495010
11495010
11495010
11495010
11495010
11495010
11495010
11495010
11495010
11495010
11495010
11495010
11495010
11495010
11495010
11495010
11495010
11495010
11495010
11498250
11498250
11498250
11498250
11498250
11498250
11498250
11498250
11498250
11498250
11498250
11498250
11498250
11498250
11498250
11498250
11498250
11498250
11498250
11498250
11498250
11499295
11499295
11499295
11499295
11499295
11499295
11499295
11499295
11499295
11499295
11499295
11499295
11499295
11499295
11499295
11499295
11499295
11499295
11499295
11499295
11499295
11499323
11499323
11499323
11499323
11499323
11499323
11499323
11499323
11499323
11499323
11499323
11499323
11499323
11499323
11499323
11499323
11499323
11499323
11499323
11499323
11499323
11501624
11501624
11501624
11501624
11501624
11501624
11501624
11501624
11501624
11501624
11501624
11501624
11501624
11501624
11501624
11501624
11501624
11501624
11501624
11501624
11501624
11506723
11506723
11506723
11506723
11506723
11506723
11506723
11506723
11506723
11506723
11506723
11506723
11506723
11506723
11506723
11506723
11506723
11506723
11506723
11506723
11506723
11509299
11509299
11509299
11509299
11509299
11509299
11509299
11509299
11509299
11509299
11509299
11509299
11509299
11509299
11509299
11509299
11509299
11509299
11509299
11509299
11509299
11509984
11509984
11509984
11509984
11509984
11509984
11509984
11509984
11509984
11509984
11509984
11509984
11509984
11509984
11509984
11509984
11509984
11509984
11509984
11509984
11509984
11510433
11510433
11510433
11510433
11510433
11510433
11510433
11510433
11510433
11510433
11510433
11510433
11510433
11510433
11510433
11510433
11510433
11510433
11510433
11510433
11510433
11511359
11511359
11511359
11511359
11511359
11511359
11511359
11511359
11511359
11511359
11511359
11511359
11511359
11511359
11511359
11511359
11511359
11511359
11511359
11511359
11511359
11511850
11511850
11511850
11511850
11511850
11511850
11511850
11511850
11511850
11511850
11511850
11511850
11511850
11511850
11511850
11511850
11511850
11511850
11511850
11511850
11511850
11517711
11517711
11517711
11517711
11517711
11517711
11517711
11517711
11517711
11517711
11517711
11517711
11517711
11517711
11517711
11517711
11517711
11517711
11517711
11517711
11517711
11517759
11517759
11517759
11517759
11517759
11517759
11517759
11517759
11517759
11517759
11517759
11517759
11517759
11517759
11517759
11517759
11517759
11517759
11517759
11517759
11517759
11518193
11518193
11518193
11518193
11518193
11518193
11518193
11518193
11518193
11518193
11518193
11518193
11518193
11518193
11518193
11518193
11518193
11518193
11518193
11518193
11518193
11518197
11518197
11518197
11518197
11518197
11518197
11518197
11518197
11518197
11518197
11518197
11518197
11518197
11518197
11518197
11518197
11518197
11518197
11518197
11518197
11518197
11518202
11518202
11518202
11518202
11518202
11518202
11518202
11518202
11518202
11518202
11518202
11518202
11518202
11518202
11518202
11518202
11518202
11518202
11518202
11518202
11518202
11518205
11518205
11518205
11518205
11518205
11518205
11518205
11518205
11518205
11518205
11518205
11518205
11518205
11518205
11518205
11518205
11518205
11518205
11518205
11518205
11518205
11518206
11518206
11518206
11518206
11518206
11518206
11518206
11518206
11518206
11518206
11518206
11518206
11518206
11518206
11518206
11518206
11518206
11518206
11518206
11518206
11518206
11518207
11518207
11518207
11518207
11518207
11518207
11518207
11518207
11518207
11518207
11518207
11518207
11518207
11518207
11518207
11518207
11518207
11518207
11518207
11518207
11518207
11518211
11518211
11518211
11518211
11518211
11518211
11518211
11518211
11518211
11518211
11518211
11518211
11518211
11518211
11518211
11518211
11518211
11518211
11518211
11518211
11518211
11520065
11520065
11520065
11520065
11520065
11520065
11520065
11520065
11520065
11520065
11520065
11520065
11520065
11520065
11520065
11520065
11520065
11520065
11520065
11520065
11520065
11520933
11520933
11520933
11520933
11520933
11520933
11520933
11520933
11520933
11520933
11520933
11520933
11520933
11520933
11520933
11520933
11520933
11520933
11520933
11520933
11520933
11521301
11521301
11521301
11521301
11521301
11521301
11521301
11521301
11521301
11521301
11521301
11521301
11521301
11521301
11521301
11521301
11521301
11521301
11521301
11521301
11521301
11523015
11523015
11523015
11523015
11523015
11523015
11523015
11523015
11523015
11523015
11523015
11523015
11523015
11523015
11523015
11523015
11523015
11523015
11523015
11523015
11523015
11523588
11523588
11523588
11523588
11523588
11523588
11523588
11523588
11523588
11523588
11523588
11523588
11523588
11523588
11523588
11523588
11523588
11523588
11523588
11523588
11523588
11524039
11524039
11524039
11524039
11524039
11524039
11524039
11524039
11524039
11524039
11524039
11524039
11524039
11524039
11524039
11524039
11524039
11524039
11524039
11524039
11524039
11524219
11524219
11524219
11524219
11524219
11524219
11524219
11524219
11524219
11524219
11524219
11524219
11524219
11524219
11524219
11524219
11524219
11524219
11524219
11524219
11524219
11526883
11526883
11526883
11526883
11526883
11526883
11526883
11526883
11526883
11526883
11526883
11526883
11526883
11526883
11526883
11526883
11526883
11526883
11526883
11526883
11526883
11529137
11529137
11529137
11529137
11529137
11529137
11529137
11529137
11529137
11529137
11529137
11529137
11529137
11529137
11529137
11529137
11529137
11529137
11529137
11529137
11529137
11531264
11531264
11531264
11531264
11531264
11531264
11531264
11531264
11531264
11531264
11531264
11531264
11531264
11531264
11531264
11531264
11531264
11531264
11531264
11531264
11531264
11533315
11533315
11533315
11533315
11533315
11533315
11533315
11533315
11533315
11533315
11533315
11533315
11533315
11533315
11533315
11533315
11533315
11533315
11533315
11533315
11533315
11535095
11535095
11535095
11535095
11535095
11535095
11535095
11535095
11535095
11535095
11535095
11535095
11535095
11535095
11535095
11535095
11535095
11535095
11535095
11535095
11535095
11535224
11535224
11535224
11535224
11535224
11535224
11535224
11535224
11535224
11535224
11535224
11535224
11535224
11535224
11535224
11535224
11535224
11535224
11535224
11535224
11535224
11535812
11535812
11535812
11535812
11535812
11535812
11535812
11535812
11535812
11535812
11535812
11535812
11535812
11535812
11535812
11535812
11535812
11535812
11535812
11535812
11535812
11536089
11536089
11536089
11536089
11536089
11536089
11536089
11536089
11536089
11536089
11536089
11536089
11536089
11536089
11536089
11536089
11536089
11536089
11536089
11536089
11536089
11536585
11536585
11536585
11536585
11536585
11536585
11536585
11536585
11536585
11536585
11536585
11536585
11536585
11536585
11536585
11536585
11536585
11536585
11536585
11536585
11536585
11538485
11538485
11538485
11538485
11538485
11538485
11538485
11538485
11538485
11538485
11538485
11538485
11538485
11538485
11538485
11538485
11538485
11538485
11538485
11538485
11538485
11539326
11539326
11539326
11539326
11539326
11539326
11539326
11539326
11539326
11539326
11539326
11539326
11539326
11539326
11539326
11539326
11539326
11539326
11539326
11539326
11539326
11540876
11540876
11540876
11540876
11540876
11540876
11540876
11540876
11540876
11540876
11540876
11540876
11540876
11540876
11540876
11540876
11540876
11540876
11540876
11540876
11540876
11542854
11542854
11542854
11542854
11542854
11542854
11542854
11542854
11542854
11542854
11542854
11542854
11542854
11542854
11542854
11542854
11542854
11542854
11542854
11542854
11542854
11542873
11542873
11542873
11542873
11542873
11542873
11542873
11542873
11542873
11542873
11542873
11542873
11542873
11542873
11542873
11542873
11542873
11542873
11542873
11542873
11542873
11545590
11545590
11545590
11545590
11545590
11545590
11545590
11545590
11545590
11545590
11545590
11545590
11545590
11545590
11545590
11545590
11545590
11545590
11545590
11545590
11545590
11546569
11546569
11546569
11546569
11546569
11546569
11546569
11546569
11546569
11546569
11546569
11546569
11546569
11546569
11546569
11546569
11546569
11546569
11546569
11546569
11546569
11547252
11547252
11547252
11547252
11547252
11547252
11547252
11547252
11547252
11547252
11547252
11547252
11547252
11547252
11547252
11547252
11547252
11547252
11547252
11547252
11547252
11547834
11547834
11547834
11547834
11547834
11547834
11547834
11547834
11547834
11547834
11547834
11547834
11547834
11547834
11547834
11547834
11547834
11547834
11547834
11547834
11547834
11548612
11548612
11548612
11548612
11548612
11548612
11548612
11548612
11548612
11548612
11548612
11548612
11548612
11548612
11548612
11548612
11548612
11548612
11548612
11548612
11548612
11548916
11548916
11548916
11548916
11548916
11548916
11548916
11548916
11548916
11548916
11548916
11548916
11548916
11548916
11548916
11548916
11548916
11548916
11548916
11548916
11548916
11548921
11548921
11548921
11548921
11548921
11548921
11548921
11548921
11548921
11548921
11548921
11548921
11548921
11548921
11548921
11548921
11548921
11548921
11548921
11548921
11548921
11548930
11548930
11548930
11548930
11548930
11548930
11548930
11548930
11548930
11548930
11548930
11548930
11548930
11548930
11548930
11548930
11548930
11548930
11548930
11548930
11548930
11551697
11551697
11551697
11551697
11551697
11551697
11551697
11551697
11551697
11551697
11551697
11551697
11551697
11551697
11551697
11551697
11551697
11551697
11551697
11551697
11551697
11552017
11552017
11552017
11552017
11552017
11552017
11552017
11552017
11552017
11552017
11552017
11552017
11552017
11552017
11552017
11552017
11552017
11552017
11552017
11552017
11552017
11553152
11553152
11553152
11553152
11553152
11553152
11553152
11553152
11553152
11553152
11553152
11553152
11553152
11553152
11553152
11553152
11553152
11553152
11553152
11553152
11553152
11553579
11553579
11553579
11553579
11553579
11553579
11553579
11553579
11553579
11553579
11553579
11553579
11553579
11553579
11553579
11553579
11553579
11553579
11553579
11553579
11553579
11556303
11556303
11556303
11556303
11556303
11556303
11556303
11556303
11556303
11556303
11556303
11556303
11556303
11556303
11556303
11556303
11556303
11556303
11556303
11556303
11556303
11557060
11557060
11557060
11557060
11557060
11557060
11557060
11557060
11557060
11557060
11557060
11557060
11557060
11557060
11557060
11557060
11557060
11557060
11557060
11557060
11557060
11557271
11557271
11557271
11557271
11557271
11557271
11557271
11557271
11557271
11557271
11557271
11557271
11557271
11557271
11557271
11557271
11557271
11557271
11557271
11557271
11557271
11557355
11557355
11557355
11557355
11557355
11557355
11557355
11557355
11557355
11557355
11557355
11557355
11557355
11557355
11557355
11557355
11557355
11557355
11557355
11557355
11557355
11558318
11558318
11558318
11558318
11558318
11558318
11558318
11558318
11558318
11558318
11558318
11558318
11558318
11558318
11558318
11558318
11558318
11558318
11558318
11558318
11558318
11559673
11559673
11559673
11559673
11559673
11559673
11559673
11559673
11559673
11559673
11559673
11559673
11559673
11559673
11559673
11559673
11559673
11559673
11559673
11559673
11559673
11560267
11560267
11560267
11560267
11560267
11560267
11560267
11560267
11560267
11560267
11560267
11560267
11560267
11560267
11560267
11560267
11560267
11560267
11560267
11560267
11560267
11560449
11560449
11560449
11560449
11560449
11560449
11560449
11560449
11560449
11560449
11560449
11560449
11560449
11560449
11560449
11560449
11560449
11560449
11560449
11560449
11560449
11560852
11560852
11560852
11560852
11560852
11560852
11560852
11560852
11560852
11560852
11560852
11560852
11560852
11560852
11560852
11560852
11560852
11560852
11560852
11560852
11560852
11563408
11563408
11563408
11563408
11563408
11563408
11563408
11563408
11563408
11563408
11563408
11563408
11563408
11563408
11563408
11563408
11563408
11563408
11563408
11563408
11563408
11564873
11564873
11564873
11564873
11564873
11564873
11564873
11564873
11564873
11564873
11564873
11564873
11564873
11564873
11564873
11564873
11564873
11564873
11564873
11564873
11564873
11564996
11564996
11564996
11564996
11564996
11564996
11564996
11564996
11564996
11564996
11564996
11564996
11564996
11564996
11564996
11564996
11564996
11564996
11564996
11564996
11564996
11566102
11566102
11566102
11566102
11566102
11566102
11566102
11566102
11566102
11566102
11566102
11566102
11566102
11566102
11566102
11566102
11566102
11566102
11566102
11566102
11566102
11567510
11567510
11567510
11567510
11567510
11567510
11567510
11567510
11567510
11567510
11567510
11567510
11567510
11567510
11567510
11567510
11567510
11567510
11567510
11567510
11567510
11567539
11567539
11567539
11567539
11567539
11567539
11567539
11567539
11567539
11567539
11567539
11567539
11567539
11567539
11567539
11567539
11567539
11567539
11567539
11567539
11567539
11567890
11567890
11567890
11567890
11567890
11567890
11567890
11567890
11567890
11567890
11567890
11567890
11567890
11567890
11567890
11567890
11567890
11567890
11567890
11567890
11567890
11568920
11568920
11568920
11568920
11568920
11568920
11568920
11568920
11568920
11568920
11568920
11568920
11568920
11568920
11568920
11568920
11568920
11568920
11568920
11568920
11568920
11569361
11569361
11569361
11569361
11569361
11569361
11569361
11569361
11569361
11569361
11569361
11569361
11569361
11569361
11569361
11569361
11569361
11569361
11569361
11569361
11569361
11569728
11569728
11569728
11569728
11569728
11569728
11569728
11569728
11569728
11569728
11569728
11569728
11569728
11569728
11569728
11569728
11569728
11569728
11569728
11569728
11569728
11570126
11570126
11570126
11570126
11570126
11570126
11570126
11570126
11570126
11570126
11570126
11570126
11570126
11570126
11570126
11570126
11570126
11570126
11570126
11570126
11570126
11570424
11570424
11570424
11570424
11570424
11570424
11570424
11570424
11570424
11570424
11570424
11570424
11570424
11570424
11570424
11570424
11570424
11570424
11570424
11570424
11570424
11571541
11571541
11571541
11571541
11571541
11571541
11571541
11571541
11571541
11571541
11571541
11571541
11571541
11571541
11571541
11571541
11571541
11571541
11571541
11571541
11571541
11571564
11571564
11571564
11571564
11571564
11571564
11571564
11571564
11571564
11571564
11571564
11571564
11571564
11571564
11571564
11571564
11571564
11571564
11571564
11571564
11571564
11571814
11571814
11571814
11571814
11571814
11571814
11571814
11571814
11571814
11571814
11571814
11571814
11571814
11571814
11571814
11571814
11571814
11571814
11571814
11571814
11571814
11572259
11572259
11572259
11572259
11572259
11572259
11572259
11572259
11572259
11572259
11572259
11572259
11572259
11572259
11572259
11572259
11572259
11572259
11572259
11572259
11572259
11572997
11572997
11572997
11572997
11572997
11572997
11572997
11572997
11572997
11572997
11572997
11572997
11572997
11572997
11572997
11572997
11572997
11572997
11572997
11572997
11572997
11573000
11573000
11573000
11573000
11573000
11573000
11573000
11573000
11573000
11573000
11573000
11573000
11573000
11573000
11573000
11573000
11573000
11573000
11573000
11573000
11573000
11573599
11573599
11573599
11573599
11573599
11573599
11573599
11573599
11573599
11573599
11573599
11573599
11573599
11573599
11573599
11573599
11573599
11573599
11573599
11573599
11573599
11573782
11573782
11573782
11573782
11573782
11573782
11573782
11573782
11573782
11573782
11573782
11573782
11573782
11573782
11573782
11573782
11573782
11573782
11573782
11573782
11573782
11574159
11574159
11574159
11574159
11574159
11574159
11574159
11574159
11574159
11574159
11574159
11574159
11574159
11574159
11574159
11574159
11574159
11574159
11574159
11574159
11574159
11574724
11574724
11574724
11574724
11574724
11574724
11574724
11574724
11574724
11574724
11574724
11574724
11574724
11574724
11574724
11574724
11574724
11574724
11574724
11574724
11574724
11574738
11574738
11574738
11574738
11574738
11574738
11574738
11574738
11574738
11574738
11574738
11574738
11574738
11574738
11574738
11574738
11574738
11574738
11574738
11574738
11574738
11575618
11575618
11575618
11575618
11575618
11575618
11575618
11575618
11575618
11575618
11575618
11575618
11575618
11575618
11575618
11575618
11575618
11575618
11575618
11575618
11575618
11575651
11575651
11575651
11575651
11575651
11575651
11575651
11575651
11575651
11575651
11575651
11575651
11575651
11575651
11575651
11575651
11575651
11575651
11575651
11575651
11575651
11576004
11576004
11576004
11576004
11576004
11576004
11576004
11576004
11576004
11576004
11576004
11576004
11576004
11576004
11576004
11576004
11576004
11576004
11576004
11576004
11576004
11576026
11576026
11576026
11576026
11576026
11576026
11576026
11576026
11576026
11576026
11576026
11576026
11576026
11576026
11576026
11576026
11576026
11576026
11576026
11576026
11576026
11576287
11576287
11576287
11576287
11576287
11576287
11576287
11576287
11576287
11576287
11576287
11576287
11576287
11576287
11576287
11576287
11576287
11576287
11576287
11576287
11576287
11577488
11577488
11577488
11577488
11577488
11577488
11577488
11577488
11577488
11577488
11577488
11577488
11577488
11577488
11577488
11577488
11577488
11577488
11577488
11577488
11577488
11577589
11577589
11577589
11577589
11577589
11577589
11577589
11577589
11577589
11577589
11577589
11577589
11577589
11577589
11577589
11577589
11577589
11577589
11577589
11577589
11577589
11578054
11578054
11578054
11578054
11578054
11578054
11578054
11578054
11578054
11578054
11578054
11578054
11578054
11578054
11578054
11578054
11578054
11578054
11578054
11578054
11578054
11578057
11578057
11578057
11578057
11578057
11578057
11578057
11578057
11578057
11578057
11578057
11578057
11578057
11578057
11578057
11578057
11578057
11578057
11578057
11578057
11578057
11579150
11579150
11579150
11579150
11579150
11579150
11579150
11579150
11579150
11579150
11579150
11579150
11579150
11579150
11579150
11579150
11579150
11579150
11579150
11579150
11579150
11579223
11579223
11579223
11579223
11579223
11579223
11579223
11579223
11579223
11579223
11579223
11579223
11579223
11579223
11579223
11579223
11579223
11579223
11579223
11579223
11579223
11579475
11579475
11579475
11579475
11579475
11579475
11579475
11579475
11579475
11579475
11579475
11579475
11579475
11579475
11579475
11579475
11579475
11579475
11579475
11579475
11579475
11579762
11579762
11579762
11579762
11579762
11579762
11579762
11579762
11579762
11579762
11579762
11579762
11579762
11579762
11579762
11579762
11579762
11579762
11579762
11579762
11579762
11582658
11582658
11582658
11582658
11582658
11582658
11582658
11582658
11582658
11582658
11582658
11582658
11582658
11582658
11582658
11582658
11582658
11582658
11582658
11582658
11582658
11582717
11582717
11582717
11582717
11582717
11582717
11582717
11582717
11582717
11582717
11582717
11582717
11582717
11582717
11582717
11582717
11582717
11582717
11582717
11582717
11582717
11582718
11582718
11582718
11582718
11582718
11582718
11582718
11582718
11582718
11582718
11582718
11582718
11582718
11582718
11582718
11582718
11582718
11582718
11582718
11582718
11582718
11582938
11582938
11582938
11582938
11582938
11582938
11582938
11582938
11582938
11582938
11582938
11582938
11582938
11582938
11582938
11582938
11582938
11582938
11582938
11582938
11582938
11583325
11583325
11583325
11583325
11583325
11583325
11583325
11583325
11583325
11583325
11583325
11583325
11583325
11583325
11583325
11583325
11583325
11583325
11583325
11583325
11583325
11583427
11583427
11583427
11583427
11583427
11583427
11583427
11583427
11583427
11583427
11583427
11583427
11583427
11583427
11583427
11583427
11583427
11583427
11583427
11583427
11583427
11585985
11585985
11585985
11585985
11585985
11585985
11585985
11585985
11585985
11585985
11585985
11585985
11585985
11585985
11585985
11585985
11585985
11585985
11585985
11585985
11585985
11589142
11589142
11589142
11589142
11589142
11589142
11589142
11589142
11589142
11589142
11589142
11589142
11589142
11589142
11589142
11589142
11589142
11589142
11589142
11589142
11589142
11589552
11589552
11589552
11589552
11589552
11589552
11589552
11589552
11589552
11589552
11589552
11589552
11589552
11589552
11589552
11589552
11589552
11589552
11589552
11589552
11589552
11590153
11590153
11590153
11590153
11590153
11590153
11590153
11590153
11590153
11590153
11590153
11590153
11590153
11590153
11590153
11590153
11590153
11590153
11590153
11590153
11590153
11590568
11590568
11590568
11590568
11590568
11590568
11590568
11590568
11590568
11590568
11590568
11590568
11590568
11590568
11590568
11590568
11590568
11590568
11590568
11590568
11590568
11590569
11590569
11590569
11590569
11590569
11590569
11590569
11590569
11590569
11590569
11590569
11590569
11590569
11590569
11590569
11590569
11590569
11590569
11590569
11590569
11590569
11590720
11590720
11590720
11590720
11590720
11590720
11590720
11590720
11590720
11590720
11590720
11590720
11590720
11590720
11590720
11590720
11590720
11590720
11590720
11590720
11590720
11591249
11591249
11591249
11591249
11591249
11591249
11591249
11591249
11591249
11591249
11591249
11591249
11591249
11591249
11591249
11591249
11591249
11591249
11591249
11591249
11591249
11591721
11591721
11591721
11591721
11591721
11591721
11591721
11591721
11591721
11591721
11591721
11591721
11591721
11591721
11591721
11591721
11591721
11591721
11591721
11591721
11591721
11592153
11592153
11592153
11592153
11592153
11592153
11592153
11592153
11592153
11592153
11592153
11592153
11592153
11592153
11592153
11592153
11592153
11592153
11592153
11592153
11592153
11592417
11592417
11592417
11592417
11592417
11592417
11592417
11592417
11592417
11592417
11592417
11592417
11592417
11592417
11592417
11592417
11592417
11592417
11592417
11592417
11592417
11593343
11593343
11593343
11593343
11593343
11593343
11593343
11593343
11593343
11593343
11593343
11593343
11593343
11593343
11593343
11593343
11593343
11593343
11593343
11593343
11593343
11593359
11593359
11593359
11593359
11593359
11593359
11593359
11593359
11593359
11593359
11593359
11593359
11593359
11593359
11593359
11593359
11593359
11593359
11593359
11593359
11593359
11594863
11594863
11594863
11594863
11594863
11594863
11594863
11594863
11594863
11594863
11594863
11594863
11594863
11594863
11594863
11594863
11594863
11594863
11594863
11594863
11594863
11595180
11595180
11595180
11595180
11595180
11595180
11595180
11595180
11595180
11595180
11595180
11595180
11595180
11595180
11595180
11595180
11595180
11595180
11595180
11595180
11595180
11595257
11595257
11595257
11595257
11595257
11595257
11595257
11595257
11595257
11595257
11595257
11595257
11595257
11595257
11595257
11595257
11595257
11595257
11595257
11595257
11595257
11595382
11595382
11595382
11595382
11595382
11595382
11595382
11595382
11595382
11595382
11595382
11595382
11595382
11595382
11595382
11595382
11595382
11595382
11595382
11595382
11595382
11595650
11595650
11595650
11595650
11595650
11595650
11595650
11595650
11595650
11595650
11595650
11595650
11595650
11595650
11595650
11595650
11595650
11595650
11595650
11595650
11595650
11597542
11597542
11597542
11597542
11597542
11597542
11597542
11597542
11597542
11597542
11597542
11597542
11597542
11597542
11597542
11597542
11597542
11597542
11597542
11597542
11597542
11598548
11598548
11598548
11598548
11598548
11598548
11598548
11598548
11598548
11598548
11598548
11598548
11598548
11598548
11598548
11598548
11598548
11598548
11598548
11598548
11598548
11601228
11601228
11601228
11601228
11601228
11601228
11601228
11601228
11601228
11601228
11601228
11601228
11601228
11601228
11601228
11601228
11601228
11601228
11601228
11601228
11601228
11602257
11602257
11602257
11602257
11602257
11602257
11602257
11602257
11602257
11602257
11602257
11602257
11602257
11602257
11602257
11602257
11602257
11602257
11602257
11602257
11602257
11603145
11603145
11603145
11603145
11603145
11603145
11603145
11603145
11603145
11603145
11603145
11603145
11603145
11603145
11603145
11603145
11603145
11603145
11603145
11603145
11603145
11603468
11603468
11603468
11603468
11603468
11603468
11603468
11603468
11603468
11603468
11603468
11603468
11603468
11603468
11603468
11603468
11603468
11603468
11603468
11603468
11603468
11606511
11606511
11606511
11606511
11606511
11606511
11606511
11606511
11606511
11606511
11606511
11606511
11606511
11606511
11606511
11606511
11606511
11606511
11606511
11606511
11606511
11606603
11606603
11606603
11606603
11606603
11606603
11606603
11606603
11606603
11606603
11606603
11606603
11606603
11606603
11606603
11606603
11606603
11606603
11606603
11606603
11606603
11608611
11608611
11608611
11608611
11608611
11608611
11608611
11608611
11608611
11608611
11608611
11608611
11608611
11608611
11608611
11608611
11608611
11608611
11608611
11608611
11608611
11610408
11610408
11610408
11610408
11610408
11610408
11610408
11610408
11610408
11610408
11610408
11610408
11610408
11610408
11610408
11610408
11610408
11610408
11610408
11610408
11610408
11610498
11610498
11610498
11610498
11610498
11610498
11610498
11610498
11610498
11610498
11610498
11610498
11610498
11610498
11610498
11610498
11610498
11610498
11610498
11610498
11610498
11610891
11610891
11610891
11610891
11610891
11610891
11610891
11610891
11610891
11610891
11610891
11610891
11610891
11610891
11610891
11610891
11610891
11610891
11610891
11610891
11610891
11612567
11612567
11612567
11612567
11612567
11612567
11612567
11612567
11612567
11612567
11612567
11612567
11612567
11612567
11612567
11612567
11612567
11612567
11612567
11612567
11612567
11612853
11612853
11612853
11612853
11612853
11612853
11612853
11612853
11612853
11612853
11612853
11612853
11612853
11612853
11612853
11612853
11612853
11612853
11612853
11612853
11612853
11612962
11612962
11612962
11612962
11612962
11612962
11612962
11612962
11612962
11612962
11612962
11612962
11612962
11612962
11612962
11612962
11612962
11612962
11612962
11612962
11612962
11614926
11614926
11614926
11614926
11614926
11614926
11614926
11614926
11614926
11614926
11614926
11614926
11614926
11614926
11614926
11614926
11614926
11614926
11614926
11614926
11614926
11615130
11615130
11615130
11615130
11615130
11615130
11615130
11615130
11615130
11615130
11615130
11615130
11615130
11615130
11615130
11615130
11615130
11615130
11615130
11615130
11615130
11615988
11615988
11615988
11615988
11615988
11615988
11615988
11615988
11615988
11615988
11615988
11615988
11615988
11615988
11615988
11615988
11615988
11615988
11615988
11615988
11615988
11616210
11616210
11616210
11616210
11616210
11616210
11616210
11616210
11616210
11616210
11616210
11616210
11616210
11616210
11616210
11616210
11616210
11616210
11616210
11616210
11616210
11618919
11618919
11618919
11618919
11618919
11618919
11618919
11618919
11618919
11618919
11618919
11618919
11618919
11618919
11618919
11618919
11618919
11618919
11618919
11618919
11618919
11621055
11621055
11621055
11621055
11621055
11621055
11621055
11621055
11621055
11621055
11621055
11621055
11621055
11621055
11621055
11621055
11621055
11621055
11621055
11621055
11621055
11623089
11623089
11623089
11623089
11623089
11623089
11623089
11623089
11623089
11623089
11623089
11623089
11623089
11623089
11623089
11623089
11623089
11623089
11623089
11623089
11623089
11623566
11623566
11623566
11623566
11623566
11623566
11623566
11623566
11623566
11623566
11623566
11623566
11623566
11623566
11623566
11623566
11623566
11623566
11623566
11623566
11623566
