11103957
11104391
11115674
11135331
11166729
11186135
11189155
11194871
11225793
11228791
11235262
11242866
11246407
11246413
11248244
11248423
11264803
11265220
11280343
11290477
11312047
11317229
11325915
11330625
11332984
11334369
11345702
11354186
11370931
11375586
11103957
11104391
11115674
11135331
11166729
11186135
11189155
11194871
11225793
11228791
11235262
11242866
11246407
11246413
11248244
11248423
11264803
11265220
11280343
11290477
11312047
11317229
11325915
11330625
11332984
11334369
11345702
11354186
11370931
11375586
11103957
11104391
11115674
11135331
11166729
11186135
11189155
11194871
11225793
11228791
11235262
11242866
11246407
11246413
11248244
11248423
11264803
11265220
11280343
11290477
11312047
11317229
11325915
11330625
11332984
11334369
11345702
11354186
11370931
11375586
11103957
11104391
11115674
11135331
11166729
11186135
11189155
11194871
11225793
11228791
11235262
11242866
11246407
11246413
11248244
11248423
11264803
11265220
11280343
11290477
11312047
11317229
11325915
11330625
11332984
11334369
11345702
11354186
11370931
11375586
11103957
11104391
11115674
11135331
11166729
11186135
11189155
11194871
11225793
11228791
11235262
11242866
11246407
11246413
11248244
11248423
11264803
11265220
11280343
11290477
11312047
11317229
11325915
11330625
11332984
11334369
11345702
11354186
11370931
11375586
11103957
11104391
11115674
11135331
11166729
11186135
11189155
11194871
11225793
11228791
11235262
11242866
11246407
11246413
11248244
11248423
11264803
11265220
11280343
11290477
11312047
11317229
11325915
11330625
11332984
11334369
11345702
11354186
11370931
11375586
11103957
11104391
11115674
11135331
11166729
11186135
11189155
11194871
11225793
11228791
11235262
11242866
11246407
11246413
11248244
11248423
11264803
11265220
11280343
11290477
11312047
11317229
11325915
11330625
11332984
11334369
11345702
11354186
11370931
11375586
11103957
11104391
11115674
11135331
11166729
11186135
11189155
11194871
11225793
11228791
11235262
11242866
11246407
11246413
11248244
11248423
11264803
11265220
11280343
11290477
11312047
11317229
11325915
11330625
11332984
11334369
11345702
11354186
11370931
11375586
11103957
11104391
11115674
11135331
11166729
11186135
11189155
11194871
11225793
11228791
11235262
11242866
11246407
11246413
11248244
11248423
11264803
11265220
11280343
11290477
11312047
11317229
11325915
11330625
11332984
11334369
11345702
11354186
11370931
11375586
11103957
11104391
11115674
11135331
11166729
11186135
11189155
11194871
11225793
11228791
11235262
11242866
11246407
11246413
11248244
11248423
11264803
11265220
11280343
11290477
11312047
11317229
11325915
11330625
11332984
11334369
11345702
11354186
11370931
11375586
11103957
11104391
11115674
11135331
11166729
11186135
11189155
11194871
11225793
11228791
11235262
11242866
11246407
11246413
11248244
11248423
11264803
11265220
11280343
11290477
11312047
11317229
11325915
11330625
11332984
11334369
11345702
11354186
11370931
11375586
11103957
11104391
11115674
11135331
11166729
11186135
11189155
11194871
11225793
11228791
11235262
11242866
11246407
11246413
11248244
11248423
11264803
11265220
11280343
11290477
11312047
11317229
11325915
11330625
11332984
11334369
11345702
11354186
11370931
11375586
11103957
11104391
11115674
11135331
11166729
11186135
11189155
11194871
11225793
11228791
11235262
11242866
11246407
11246413
11248244
11248423
11264803
11265220
11280343
11290477
11312047
11317229
11325915
11330625
11332984
11334369
11345702
11354186
11370931
11375586
11103957
11104391
11115674
11135331
11166729
11186135
11189155
11194871
11225793
11228791
11235262
11242866
11246407
11246413
11248244
11248423
11264803
11265220
11280343
11290477
11312047
11317229
11325915
11330625
11332984
11334369
11345702
11354186
11370931
11375586
11103957
11104391
11115674
11135331
11166729
11186135
11189155
11194871
11225793
11228791
11235262
11242866
11246407
11246413
11248244
11248423
11264803
11265220
11280343
11290477
11312047
11317229
11325915
11330625
11332984
11334369
11345702
11354186
11370931
11375586
11103957
11104391
11115674
11135331
11166729
11186135
11189155
11194871
11225793
11228791
11235262
11242866
11246407
11246413
11248244
11248423
11264803
11265220
11280343
11290477
11312047
11317229
11325915
11330625
11332984
11334369
11345702
11354186
11370931
11375586
11103957
11104391
11115674
11135331
11166729
11186135
11189155
11194871
11225793
11228791
11235262
11242866
11246407
11246413
11248244
11248423
11264803
11265220
11280343
11290477
11312047
11317229
11325915
11330625
11332984
11334369
11345702
11354186
11370931
11375586
11103957
11104391
11115674
11135331
11166729
11186135
11189155
11194871
11225793
11228791
11235262
11242866
11246407
11246413
11248244
11248423
11264803
11265220
11280343
11290477
11312047
11317229
11325915
11330625
11332984
11334369
11345702
11354186
11370931
11375586
11103957
11104391
11115674
11135331
11166729
11186135
11189155
11194871
11225793
11228791
11235262
11242866
11246407
11246413
11248244
11248423
11264803
11265220
11280343
11290477
11312047
11317229
11325915
11330625
11332984
11334369
11345702
11354186
11370931
11375586
11103957
11104391
11115674
11135331
11166729
11186135
11189155
11194871
11225793
11228791
11235262
11242866
11246407
11246413
11248244
11248423
11264803
11265220
11280343
11290477
11312047
11317229
11325915
11330625
11332984
11334369
11345702
11354186
11370931
11375586
11103957
11104391
11115674
11135331
11166729
11186135
11189155
11194871
11225793
11228791
11235262
11242866
11246407
11246413
11248244
11248423
11264803
11265220
11280343
11290477
11312047
11317229
11325915
11330625
11332984
11334369
11345702
11354186
11370931
11375586
11103957
11104391
11115674
11135331
11166729
11186135
11189155
11194871
11225793
11228791
11235262
11242866
11246407
11246413
11248244
11248423
11264803
11265220
11280343
11290477
11312047
11317229
11325915
11330625
11332984
11334369
11345702
11354186
11370931
11375586
11103957
11104391
11115674
11135331
11166729
11186135
11189155
11194871
11225793
11228791
11235262
11242866
11246407
11246413
11248244
11248423
11264803
11265220
11280343
11290477
11312047
11317229
11325915
11330625
11332984
11334369
11345702
11354186
11370931
11375586
11103957
11104391
11115674
11135331
11166729
11186135
11189155
11194871
11225793
11228791
11235262
11242866
11246407
11246413
11248244
11248423
11264803
11265220
11280343
11290477
11312047
11317229
11325915
11330625
11332984
11334369
11345702
11354186
11370931
11375586
11103957
11104391
11115674
11135331
11166729
11186135
11189155
11194871
11225793
11228791
11235262
11242866
11246407
11246413
11248244
11248423
11264803
11265220
11280343
11290477
11312047
11317229
11325915
11330625
11332984
11334369
11345702
11354186
11370931
11375586
11103957
11104391
11115674
11135331
11166729
11186135
11189155
11194871
11225793
11228791
11235262
11242866
11246407
11246413
11248244
11248423
11264803
11265220
11280343
11290477
11312047
11317229
11325915
11330625
11332984
11334369
11345702
11354186
11370931
11375586
11103957
11104391
11115674
11135331
11166729
11186135
11189155
11194871
11225793
11228791
11235262
11242866
11246407
11246413
11248244
11248423
11264803
11265220
11280343
11290477
11312047
11317229
11325915
11330625
11332984
11334369
11345702
11354186
11370931
11375586
11103957
11104391
11115674
11135331
11166729
11186135
11189155
11194871
11225793
11228791
11235262
11242866
11246407
11246413
11248244
11248423
11264803
11265220
11280343
11290477
11312047
11317229
11325915
11330625
11332984
11334369
11345702
11354186
11370931
11375586
11103957
11104391
11115674
11135331
11166729
11186135
11189155
11194871
11225793
11228791
11235262
11242866
11246407
11246413
11248244
11248423
11264803
11265220
11280343
11290477
11312047
11317229
11325915
11330625
11332984
11334369
11345702
11354186
11370931
11375586
11103957
11104391
11115674
11135331
11166729
11186135
11189155
11194871
11225793
11228791
11235262
11242866
11246407
11246413
11248244
11248423
11264803
11265220
11280343
11290477
11312047
11317229
11325915
11330625
11332984
11334369
11345702
11354186
11370931
11375586
11103957
11104391
11115674
11135331
11166729
11186135
11189155
11194871
11225793
11228791
11235262
11242866
11246407
11246413
11248244
11248423
11264803
11265220
11280343
11290477
11312047
11317229
11325915
11330625
11332984
11334369
11345702
11354186
11370931
11375586
11103957
11104391
11115674
11135331
11166729
11186135
11189155
11194871
11225793
11228791
11235262
11242866
11246407
11246413
11248244
11248423
11264803
11265220
11280343
11290477
11312047
11317229
11325915
11330625
11332984
11334369
11345702
11354186
11370931
11375586
11103957
11104391
11115674
11135331
11166729
11186135
11189155
11194871
11225793
11228791
11235262
11242866
11246407
11246413
11248244
11248423
11264803
11265220
11280343
11290477
11312047
11317229
11325915
11330625
11332984
11334369
11345702
11354186
11370931
11375586
11103957
11104391
11115674
11135331
11166729
11186135
11189155
11194871
11225793
11228791
11235262
11242866
11246407
11246413
11248244
11248423
11264803
11265220
11280343
11290477
11312047
11317229
11325915
11330625
11332984
11334369
11345702
11354186
11370931
11375586
11103957
11104391
11115674
11135331
11166729
11186135
11189155
11194871
11225793
11228791
11235262
11242866
11246407
11246413
11248244
11248423
11264803
11265220
11280343
11290477
11312047
11317229
11325915
11330625
11332984
11334369
11345702
11354186
11370931
11375586
11103957
11104391
11115674
11135331
11166729
11186135
11189155
11194871
11225793
11228791
11235262
11242866
11246407
11246413
11248244
11248423
11264803
11265220
11280343
11290477
11312047
11317229
11325915
11330625
11332984
11334369
11345702
11354186
11370931
11375586
11103957
11104391
11115674
11135331
11166729
11186135
11189155
11194871
11225793
11228791
11235262
11242866
11246407
11246413
11248244
11248423
11264803
11265220
11280343
11290477
11312047
11317229
11325915
11330625
11332984
11334369
11345702
11354186
11370931
11375586
11103957
11104391
11115674
11135331
11166729
11186135
11189155
11194871
11225793
11228791
11235262
11242866
11246407
11246413
11248244
11248423
11264803
11265220
11280343
11290477
11312047
11317229
11325915
11330625
11332984
11334369
11345702
11354186
11370931
11375586
11103957
11104391
11115674
11135331
11166729
11186135
11189155
11194871
11225793
11228791
11235262
11242866
11246407
11246413
11248244
11248423
11264803
11265220
11280343
11290477
11312047
11317229
11325915
11330625
11332984
11334369
11345702
11354186
11370931
11375586
11103957
11104391
11115674
11135331
11166729
11186135
11189155
11194871
11225793
11228791
11235262
11242866
11246407
11246413
11248244
11248423
11264803
11265220
11280343
11290477
11312047
11317229
11325915
11330625
11332984
11334369
11345702
11354186
11370931
11375586
11103957
11104391
11115674
11135331
11166729
11186135
11189155
11194871
11225793
11228791
11235262
11242866
11246407
11246413
11248244
11248423
11264803
11265220
11280343
11290477
11312047
11317229
11325915
11330625
11332984
11334369
11345702
11354186
11370931
11375586
11103957
11104391
11115674
11135331
11166729
11186135
11189155
11194871
11225793
11228791
11235262
11242866
11246407
11246413
11248244
11248423
11264803
11265220
11280343
11290477
11312047
11317229
11325915
11330625
11332984
11334369
11345702
11354186
11370931
11375586
11103957
11104391
11115674
11135331
11166729
11186135
11189155
11194871
11225793
11228791
11235262
11242866
11246407
11246413
11248244
11248423
11264803
11265220
11280343
11290477
11312047
11317229
11325915
11330625
11332984
11334369
11345702
11354186
11370931
11375586
11103957
11104391
11115674
11135331
11166729
11186135
11189155
11194871
11225793
11228791
11235262
11242866
11246407
11246413
11248244
11248423
11264803
11265220
11280343
11290477
11312047
11317229
11325915
11330625
11332984
11334369
11345702
11354186
11370931
11375586
11103957
11104391
11115674
11135331
11166729
11186135
11189155
11194871
11225793
11228791
11235262
11242866
11246407
11246413
11248244
11248423
11264803
11265220
11280343
11290477
11312047
11317229
11325915
11330625
11332984
11334369
11345702
11354186
11370931
11375586
11103957
11104391
11115674
11135331
11166729
11186135
11189155
11194871
11225793
11228791
11235262
11242866
11246407
11246413
11248244
11248423
11264803
11265220
11280343
11290477
11312047
11317229
11325915
11330625
11332984
11334369
11345702
11354186
11370931
11375586
11103957
11104391
11115674
11135331
11166729
11186135
11189155
11194871
11225793
11228791
11235262
11242866
11246407
11246413
11248244
11248423
11264803
11265220
11280343
11290477
11312047
11317229
11325915
11330625
11332984
11334369
11345702
11354186
11370931
11375586
