11793765
11732489
11781373
11743119
11793777
11781311
11781795
11781754
11752524
11651200
11756981
11732578
11782166
11783515
11781233
11779828
11782446
11571541
11787829
11665268
11718406
11728345
11812712
11668626
11115674
11523015
11413238
11758849
11578057
11440540
11578054
11699759
11756283
11498250
11813020
11708550
11724147
11546569
11577488
11758720
11579762
11798838
11636699
11776907
11815010
11649359
11744878
11835943
11658727
11325915
11595382
11788855
11803616
11806774
11802327
11345702
11575618
11812379
11718133
11707153
11821543
11838354
11603468
11740964
11829076
11807010
11235262
11832655
11676985
11761485
11760381
11551697
11843852
11798210
11765681
11773185
11166729
11779235
11571814
11575651
11770566
11823529
11759133
11842423
11778776
11758411
11805300
11838345
11677391
11786641
11815525
11494822
11739321
11848594
11707907
11814406
11729042
11795311
11723695
11837140
11806283
11827275
11727116
11819013
11797862
11567539
11755195
11728060
11536089
11579150
11811928
11681074
11474533
11783116
11758437
11797495
11816136
11746850
11837857
11755624
11800125
11822955
11754841
11813286
11818657
11807591
11721146
11732335
11814999
11725229
11548930
11570126
11548921
11750449
11825876
11670116
11683184
11729941
11800504
11841917
11778917
11735262
11652699
11838786
11814547
11792026
11623894
11752000
11838664
11803822
11850322
11574724
11732573
11799394
11806095
11851556
11744479
11835045
11835425
11841029
11774905
11785936
11560267
11753390
11765177
11785560
11826573
11816513
11831847
11809752
11824395
