1.22085
1858.893
1859.077
1858.873
1859.219
1859.493
1859.301
1859.37
1859.402
1859.79
1859.787
1859.771
1860.169
1.21778
1.21778
1.21798
1.21234
1.21212
1.21213
1.2121
1.21227
1.21225
1.21235
1.21253
1.21253
1.21793
1.21796
1.21859
1.21849
1.22327
1.22202
1.21705
1.21891
1.21532
1.21541
1.21542
1.2154
1.21624
1.21624
1.21597
1.21497
1.21497
1.21496
1.21261
1.21264
1.21263
1.21264
1.21264
1.21264
1.21269
1.21264
1.20817
1.20818
1.2082
1.20821
1.20825
1859.623
1859.727
1859.965
1860.845
1.20346
1.20348
1863.506
1863.475
1862.656
1862.571
1.20498
1.205
1.20421
1.20417
1.11423
1861.123
1862.514
1862.518
1863.122
1863.097
1.06758
1.06758
1.06762
1.06761
1.20539
1862.158
1862.154
1.06665
1.06667
1861.806
1862.057
1861.82
1861.999
1863.501
1863.109
1861.343
1861.4
1861.382
1861.328
1861.144
1.06748
1.06746
1.06746
1.06747
1863.804
1862.265
1.43802
131
131
131
131
131
131.045
1.21174
1.21169
1868.119
1868.143
1868.504
1868.797
0.69512
0.69514
131.091
131.582
131.58
131.537
1862.266
1862.241
1861.699
1.34433
1.34423
1.34456
1.34482
1.21599
1.21608
1.21615
1875.675
1875.68
1876.285
1876.472
1876.33
1876.441
1887.012
1887.086
1887.757
1881.673
1881.646
1881.82
1881.743
1881.73
1881.746
1881.945
1881.806
1880.746
1880.868
1880.655
1884.156
1881.441
1881.477
1881.928
1881.92
1878.968
1878.978
1877.929
1878.034
1877.021
1874.153
1875.178
1873.55
1875.224
1878.418
1.73356
1.7336
157.951
157.921
1872.871
1.07203
1871.211
1871.1
1872.203
1872.162
1.34254
1.34389
1.34389
1.34376
1869.165
1869.322
1868.539
1868.526
1870.405
1870.26
1.3437
1.54279
1.54296
1.54314
1.54083
1.34006
1.34011
1.34306
1.34296
1873.465
1873.477
1873.465
1873.486
1.34337
1.34337
1.34337
1.3436
1.3436
1.20177
1873.904
1873.867
1873.914
1873.916
1.20678
1.20677
1.20637
1.07945
1.07948
1873.537
1874.882
1874.859
1874.852
1874.886
1874.903
1874.877
1874.847
1875.02
1874.809
1874.815
1874.364
1874.387
1874.382
1874.468
1874.498
1872.695
1869.814
1865.445
1865.504
1865.585
1866.333
1865.487
1865.749
1866.345
1869.246
1879.515
1877.559
1877.599
1882.852
1882.81
1882.792
1882.848
1884.72
1884.915
1885.533
1885.383
1882.849
1882.537
1882.925
1883.644
1.088
1.088
1.088
1913.89
1913.891
1913.869
1912.464
1912.452
1912.522
1912.584
1912.643
1911.878
1911.84
1911.973
1911.979
1911.974
1912.01
1914.17
1914.167
1914.219
1914.341
1914.21
1914.341
1913.941
1911.611
1911.574
1918
1918
1917.651
1916.376
1916.324
1916.485
1916.619
1916.547
1917
1917
1913.545
1917.69
1917.779
1917.926
1918.006
1917.982
1.09105
1.09103
1.0911
1.09107
1.09103
1.22952
1.22954
1.09116
1.09117
1924.397
1922.699
1920.524
1920.635
128.548
128.552
128.554
1945.906
1946.084
1946.065
1956.973
1957.042
1955.977
1926.687
1.23908
1923.821
1.34681
1.23622
129.62
0.91947
20779.04
0.62486
0.62489
1831.748
1831.582
130.857
130.851
1.20018
130.873
130.761
0.67222
130.84
130.947
130.942
0.88619
0.88618
1820.266
1.57289
1.57292
1.57294
1820.888
1.07101
1.07098
1.07099
1.06827
1.20701
1.06826
1.20575
1.2057
1.20483
1.20468
1.20467
1.35816
1.35814
1.35814
1.35899
1.58712
1.58721
1.58727
1.58723
1.58727
1.58725
1.12138
140.629
1793.135
1.35888
159.663
1818.283
1818.099
1817.947
1818.366
1818.297
1818.392
1818.588
1818.656
1818.402
1818.349
1.06274
1.06274
1819
1817.506
1817.578
159.963
97.309
88.831
140.471
0.92674
0.92659
0.92658
0.92614
0.926
1.11889
132.188
132.198
132.321
132.329
140.128
140.127
140.135
97.068
88.28
88.342
88.346
88.34
97.153
97.16
97.16
88.351
97.156
140.305
140.307
132.187
132.193
132.193
132.192
132.121
131.675
131.667
131.668
1817.176
1817.806
131.57
1815.951
131.458
131.456
131.451
131.45
131.45
139.463
139.464
139.486
131.319
139.302
131.178
96.278
139.204
141.536
141.537
141.545
87.25
96.104
141.504
131.065
139.228
130.661
130.665
131.138
131.16
139.408
88.178
97.037
97.044
142.547
132.352
140.581
160.811
160.671
97.031
88.05
142.502
140.486
140.491
132.508
142.806
132.347
161.102
88.354
140.788
1.23728
1.23701
1.23702
1.23711
1.23725
0.64686
0.64689
1.06316
1.23666
0.6466
1.06322
1.06318
0.64635
0.64645
1.23679
1.23687
1.06331
1.23703
1.23478
0.64652
0.64647
1.06192
1.06194
0.68569
0.6857
1.06242
0.68619
1813.728
1.05335
1.0524
1.05241
1788.614
1787.245
1.553
1.553
17173.41
17172.79
17173.61
1.55028
1.54947
1.67635
1.67658
1.6767
1.67661
1.6765
1.81112
1797.486
1797.482
1797.713
1797.76
1.2269
1.22687
1.22692
1.14698
1.14673
1.14673
1.14678
1.14682
1.1435
1.14408
1.14404
1.14408
1.05792
1.05792
1.0579
1.55688
1.55686
1.21596
1.21596
1.21599
1.21598
1.21599
1.21598
1.21598
1.21583
1.21611
1.21618
1.21669
1.21647
1.21728
1.21733
1.21725
1.21724
1.21722
1.21679
1.2168
1.36834
1.36826
0.67208
1.21866
1.21862
1.21853
0.67196
0.67198
1.2183
1.21833
1.22103
1.22101
1786.132
0.63675
1.36516
0.67333
1.05175
1.66679
1.36532
1.05174
1.05162
166.913
166.896
166.897
166.882
1.14784
1.65202
1.65202
1.65205
1.65207
1.65231
1.65208
1.65208
1.65291
1.65291
1.65288
1.65589
1.65382
1.65374
1.14761
1.65057
0.86072
0.67366
1.6501
1.65007
0.67329
1.81471
1.81458
1.81468
1.81464
1.8146
1.81461
1.81451
1.81455
1.8147
1.81478
1.56362
1.56359
1777.774
1.14548
1.14544
1.14536
1.14538
1.1454
1.14553
1.1455
1.14547
1.14549
1.14543
1.66449
1.665
1.66529
1.0477
1.0477
1.04776
1.04689
1.21373
1.04689
1.2138
1.04692
0.66967
0.66969
0.66967
0.66967
0.66969
1.14318
1.14947
1.14934
1.8231
1.14929
1.14865
1.14883
1.14901
1.14903
1.14918
1.14908
1.14896
1.14894
1.14892
1.56758
1.14693
1.14707
1.14691
1.14913
1.14919
1.14941
1.14937
1.14939
91.603
0.63173
1.0498
1.2184
0.67013
1767.922
1767.857
1.06174
1.06174
1.06192
1.06193
1.06191
1.06191
1.06189
1.06189
1.06189
1.06189
1.65371
0.68154
1.05915
1.23034
0.64158
166.394
1.05717
1.05716
1.05674
1.05671
1.05587
1.23104
1.05644
1.232
134.872
1.23313
1.23314
1.23308
1.23305
0.6841
1.23383
1.23386
1.23384
0.64427
1.23347
1.05686
1.23262
0.68356
1.057
1.23229
134.552
134.564
1.65415
1.65418
1.65431
1.65426
1.8061
1.91866
1.80724
1.04625
1.2204
1.22043
1.22047
1.22049
1.22039
1.2205
1.22042
1.22046
1.22051
1.2205
1.22041
1.22049
1.22067
1.2207
1.22073
1.22065
1.22065
1.22076
1.2206
1.22061
1.22076
1.22111
1.22095
1.22071
1.22077
1.22071
1.22076
1.22112
1.21911
1.2192
1.21945
1.21976
1.21364
1.21409
1.229
1.22896
1.22791
1.2278
1.22784
1.2289
1.22651
1.2263
1.22672
1.22619
1.22646
1.22681
1.22659
1.22678
1.22732
1.2268
1.2272
1.22911
1.22941
1.22962
1.22928
1.22691
1.22621
1.22401
1.22391
1.22151
1.22172
1.21857
1.21871
1.2188
1.21875
1.21829
1.21823
1.21826
1.2189
1.21893
1.21886
1.21884
1.21885
0.63593
0.6359
0.63589
0.63612
0.6362
0.63618
0.63616
0.63617
0.63619
0.63615
0.63617
0.63602
0.63602
0.6361
1.2146
1.21461
1.21466
1.21466
1.2146
1.21446
1.21383
1.21385
1.21385
1.21379
1.21379
1.21262
1.21245
1.2125
1.21245
1.21109
1.21108
1.21108
0.63293
0.63302
0.63302
1.21178
1.21161
136.545
136.548
136.552
0.67961
0.67961
0.67959
0.6796
0.67967
0.67967
1.04215
0.68085
0.68089
1.04214
1.04212
1.04211
1.04207
1.04213
1.04209
1.04227
0.63211
136.482
1.04376
1.04384
0.63277
136.055
136.055
136.06
136.071
136.069
136.063
0.68287
0.68292
1.04513
1.04516
1.20972
1.20968
136.13
136.121
1.04504
1.04509
1.21062
1.21066
1.21067
0.68192
1.20951
1.20955
1.20956
1.20954
136.345
136.346
1.2099
136.698
136.688
1.2088
1.20879
136.775
136.759
0.67952
0.67952
136.796
136.792
136.784
1.04247
0.67979
0.67979
136.752
1.2079
1.20791
1.20785
1.2079
1.20807
0.63196
0.63195
1774.825
1775.068
0.66929
0.66925
1.4003
1.03324
1.39994
1.61829
1.61827
1.19313
0.61993
1.62471
1.03615
138.864
0.62352
0.6724
1.03696
0.67289
0.62401
0.94917
138.805
138.8
0.62369
138.803
138.804
0.6719
0.62364
0.95105
0.95102
0.62365
0.62368
0.62368
1.03637
1.03635
1.03639
1.03637
0.67193
138.782
0.6727
138.728
0.67054
1.0349
0.62206
0.62208
1.03493
0.67054
0.67052
0.67046
0.67048
0.67051
1.03482
1.03478
1.03481
0.62202
0.62209
138.648
0.6714
138.642
1.19789
1.19791
1.19574
1.62166
1.62168
1.62167
1753.779
1.0339
165.607
0.95398
1.78561
1.19523
1.78886
1.78886
1.78886
1.78888
1.7889
1.7889
1.78962
1.78956
1.7895
1.78945
1.78942
1.78943
1753.168
1.78905
1.78908
1.78904
1.78915
1.78921
1.78929
1.78974
1.78981
1.78977
1.78973
1.78973
1.78973
1.62628
1.62631
1.78957
1.78959
1.7896
1.78962
1.78945
1.7895
1.78944
166.114
166.107
166.063
1.78773
1.78771
1.78758
1.78797
1.78795
1.78803
1.62418
1.62312
1.78655
1.78643
1.78704
1.78746
1.78744
0.61953
0.66871
1.03308
1.92954
1.19537
138.497
1.62439
1.78783
1.6244
1.62573
1.7887
1.78872
1.62568
1.62607
1.62599
1.78918
1.78925
1.6277
1.62764
1.63163
1.4087
1.54737
1.19781
1.19775
1.03324
1.19895
1.53817
1.54219
1.20217
1755.156
1.20246
1.20353
1.20238
1.79238
1.79236
1.79237
1.79222
1.79224
1.79222
1.79224
1.0361
1760.962
1.03691
1.03691
1.03691
1.03631
0.61196
1.03622
0.6122
0.66853
0.61223
1.0361
1.03608
0.6684
1.77205
1.57944
1.57942
1.57945
1.57945
1.58032
1.5803
1.58024
1.58042
1.58043
1.58042
1.58046
1.58075
1.58085
1.58088
1.58035
1.58034
1.58032
1760.762
1760.855
1.18203
1.18202
1.5769
1.57669
1.57708
1.57739
1.57743
1.57743
1.57743
1.57736
1.57528
1.57523
1.57521
1.57492
1.57491
1.57453
1.57465
1.57638
1.57649
1.1802
1.18017
1.03315
1.58266
1.69498
1.58249
1.58238
1.58123
1.58116
1.58116
1.58525
1.58526
1.5852
1.5852
1.69655
1.69652
1.69646
144.8
144.8
144.797
166.173
166.182
1764.604
1.03838
1764.616
1.54529
1.54502
1.545
1.545
0.87242
1.1235
1.1235
1782.231
165.948
1.75395
1.75384
0.94408
0.81629
1778.178
1778.655
1778.662
1778.658
1778.73
1778.108
1778.258
1.18686
1.1867
1.03636
1.18718
0.61723
1.03635
0.67731
0.67587
0.61578
1.18487
1.03324
0.61517
1.03198
1.18252
0.67487
1.18276
0.67577
1.18411
0.61546
1.03208
1.03213
1.18321
0.89997
0.89994
1.18768
1.18902
1.18936
1.18988
1.19026
1.19028
1.1922
1.1927
1.04022
0.61459
1.19179
1.19168
1.19088
1771.866
1771.967
1771.849
1771.325
1771.636
1.0403
1.03978
1.03972
1.03971
1.03974
1770.756
1770.535
1.04101
1.04138
1.04231
1.0423
1.0428
1784.279
1783.574
0.93803
0.61839
1.04463
1.19
1.32888
105.162
105.576
105.635
105.634
105.634
105.636
105.647
140.441
105.636
105.39
85.475
93.951
144.898
144.646
1770.684
164.6
144.575
1.1753
1771.288
0.94312
0.89181
1.75346
0.67035
0.61032
1.33101
1.33121
139.663
139.655
139.649
0.9429
1.69333
1.75305
1772.59
1.69237
0.57573
0.57572
0.57572
1.54054
1.54054
1771.97
0.81265
1.75563
1.7557
1.10906
144.92
0.88019
145.01
0.88034
145.022
0.88037
0.61046
0.94247
140.31
1.33043
1.03351
0.66961
1.17282
1.10526
1.17372
1.17387
1.03405
1.17267
1.17272
1.17443
1.1745
1.1725
0.67063
1.17245
1.03408
1.03405
1.03304
1.17322
1.17381
1.17346
1.17268
1.03333
1.0332
1.03347
1.17245
1.10946
1.32729
164.828
1.74858
164.837
164.85
1.53976
1.53968
1.75133
0.60932
1.1737
1767.75
1767.95
1768.166
1.55938
164.878
1.17473
1.75759
1.75804
1.75815
1.11253
1.17524
1.69603
1.54321
16861.32
1.69617
1.54354
16885.3
16855.46
144.253
164.701
144.3
164.224
1.17715
1.17716
1.17723
1.54289
1.5426
1761.717
1.17565
1760.577
1.0314
0.60885
1.69416
1.17552
1.691
1.695
16772.21
16734.81
16776.47
16711.66
16710.93
16690.75
0.94115
0.94116
0.9411
0.94106
0.94104
0.94064
1.18329
1.03059
0.955
1.03078
1.02866
0.60456
1759.353
139.853
139.806
139.805
139.413
139.5
1.17073
142.071
142.158
142.162
142.116
142.17
142.163
142.185
142.185
142.179
142.182
1748
141.841
141.842
142.166
142.101
142.112
142.115
142.093
142.195
0.96936
0.96943
0.96934
141.965
1.33492
1746.693
1709.85
1706.73
1706.693
1706.689
1706.691
1706.716
1708.035
1708.115
1708.147
1707.995
1707.889
1707.889
1709.05
1708.877
1709.219
1709.212
1709.226
1709.936
1713.481
1713.055
1713.332
17210.95
1.137
1.13714
1.13936
1.13905
1.55145
1.14126
17587.23
1.14498
17744.19
17629.22
17507.18
1.14401
1.14457
0.65173
1.15576
0.64958
1.3422
0.98451
1708.88
1709.045
1708.978
1708.906
1708.687
1708.523
1711.664
1711.698
1711.658
1.00801
1.00812
1711.929
1708.971
1710.798
1710.766
1710.747
1710.832
1710.848
1711.89
1711.885
1711.868
1.5411
1685.038
1.54319
1678.956
1678.984
1674.129
1.1436
1.54386
1.09206
0.99923
0.99927
1.14509
0.99924
0.99934
1670.876
1670.974
0.64825
1669.697
1669.67
1.54576
1.54512
1.54524
1.54902
1668.796
1668.822
1670.902
1671.154
1675.402
20808.68
20808.21
20806
20807.28
1.15346
1.15347
1677.332
1677.424
1678.318
1678.225
1678.555
1678.416
1679.144
1678.119
1676.975
1678.095
1676.827
1.14586
1676.184
1678.89
1678.856
1.1457
0.99612
1674.644
1676.681
1676.438
1676.471
1677.593
1670.89
1671.046
1671.061
1670.651
1671.8
1671.868
1671.879
1671.732
1671.728
1675.215
1675
1675
1675
1675
1675
1675
1675
1675
1675
1675
1675
1675
1675
1675
1675
1675
1675
1675
1662.399
1662.948
1662.685
1662.75
1664.082
1664.763
1662.53
1662.688
1656.113
1644.133
1644.316
1644.48
1650.346
1647.6
1647.646
1644.307
1646.51
1646.06
1646.052
1641.597
1641.822
0.97732
0.97724
1638.359
0.97728
1.12072
1.12075
1.12087
1.12052
1.12059
165.974
165.966
144.65
1.11969
1.11972
1633.036
1620.214
1620.547
1621.528
1.78094
1.5438
165.969
165.979
1.13475
1.13464
1.54387
1.78578
1622.534
166.428
1.1379
1.54731
1.14127
1.79077
1.5511
1.55101
167.065
1630.719
1630.656
0.98077
1.13749
1631.554
1633.548
1633.535
1634.909
1634.937
1634.998
147.762
1.00298
1.00298
1632.545
1633.957
1633.935
1635.905
1635.972
1636.054
1635.941
1635.951
1668
1663.907
0.9968
0.99675
0.99679
0.9968
0.9968
0.99677
0.99586
0.99579
0.99578
0.99574
0.99533
0.99677
0.99668
0.99662
0.99662
0.99658
0.99644
0.99649
1657.093
0.99648
0.98898
0.58722
0.99684
0.99671
0.99666
1.14921
1657.053
1655.14
0.9976
0.99765
0.99774
0.99774
0.99775
0.99676
0.99678
0.99783
0.99783
0.99768
0.99766
169.383
145.698
145.793
169.498
0.99812
0.99817
1.3596
0.99913
0.99885
0.99882
0.9987
0.99856
0.99857
0.9986
0.99858
0.64108
0.58622
0.58621
0.58618
0.99831
0.99827
0.99825
0.99831
0.8723
0.87232
0.999
0.999
1.34528
1.34599
1.34608
1.00017
0.99997
0.99997
0.99991
1.00015
1.36249
1.36279
0.99963
0.99964
1.79316
1.56361
0.86101
0.86102
170.19
170.21
170.228
1646.692
1650.5
1650.233
1650.628
1651.662
1652.219
1653.328
1653.366
1653.364
1652.487
1652.465
1653.031
1653.408
1650.987
1.1534
1.09543
1643.848
1643.638
1643.445
1643.781
1643.706
1643.77
1644.207
1644.431
1645.095
1645.276
0.99318
1.15441
1642.276
1642.339
0.87292
0.64315
1.54053
1.15022
0.98939
0.98938
0.98857
0.98852
0.63961
1.14891
0.98884
0.63954
0.63954
0.98877
1.1492
1.1501
20489.57
20496.79
0.9887
0.63959
0.63957
0.98871
1.15095
1639.246
1.15171
0.98841
0.63918
0.85825
0.85826
0.63871
0.63869
0.98837
0.98839
1.15094
1.54767
0.99187
0.57944
0.63908
0.99298
1.15658
1.15821
1.15919
1.15973
1641.893
1641.839
1641.821
1641.816
1641.867
1641.936
1641.868
1.15924
1.15926
1.15895
1.15898
1.15902
1.15913
1.16001
1.16
1.15999
1.15999
1.15909
1.15911
1.15909
1.15906
20914.74
1644.129
1644.155
0.99535
0.99469
1641.5
171.163
0.99475
1641.615
1639.794
1639.695
1639.752
1641.057
1640.955
1643.472
1643.191
1644.882
1644.718
1646.906
1644.633
1645.511
1645.006
1646.385
1646.428
1643.234
1643.361
1643.325
1643.38
1642.661
1646.32
1646.38
1648.941
1651.293
1650.288
1649.92
1648.91
1648.67
1648.819
169.401
169.401
169.4
169.403
169.405
1663.936
1662.349
1662.625
1662.54
1662.524
1662.415
1662.353
169.084
169.166
169.164
1.1598
0.99912
0.9989
1659.439
0.99884
0.9986
0.99841
145.882
1664.353
1664.538
1664.884
1660.867
146.379
1663.571
145.797
145.804
145.81
1.00641
1.15952
1663.139
1663.073
1662.75
145.744
145.723
145.737
145.744
1.35721
1663.562
1.16266
1.16271
1.16271
1.16269
1.00699
1.00699
1.00701
1.00701
1.00701
1.00701
1.00701
1.00758
1.00762
1.00761
1.16277
1.1625
1665.208
146.429
146.425
1.16189
1.16178
1.16188
1.16131
1.16137
1.16129
1.16076
1.16029
1.16029
1.16026
1.16031
1.16034
1.16037
1.15942
1.15948
1.1595
146.739
146.758
146.758
146.726
146.707
146.699
146.661
146.686
1.15746
1.3681
1.36815
0.8815900000000001
107.795
107.795
1665.045
1663.596
108.572
1663.853
0.87698
147.214
1664.825
147.131
147.14
147.136
0.64785
1.15817
108.61
1.78747
1.15794
1.15761
1.15767
1.15767
1.15865
1.15871
1.15878
1.15857
1.00324
1.78621
0.64512
0.64506
0.99981
0.99982
1.15361
1.15348
0.64489
0.64473
0.64482
0.99783
1662.625
1662.045
1662.004
20259.69
1657.126
0.86911
1.14544
0.99509
1.144
1.144
1.14715
1.14678
1.147
1.147
1.147
1.79398
1.79434
1.79435
20297.78
20279.55
1.1467
20396.36
20381.81
1.79527
1.56363
20101.09
20100.73
20102.18
1.14678
1.14683
1.14672
1.14679
1.14669
1.14617
1.14688
1.14677
1.14692
1.14682
1.14685
1.14693
1.14622
1.14621
1.14645
1.14654
1.14647
1.14665
1.14612
1.14588
1.14584
1656.434
1656.465
1656.443
1655.876
1655.219
1658.79
1659.48
1659.137
1661.106
1660.729
1658.774
1656.825
1656.819
1655.873
1655.943
1655.582
1655.8
1655.915
1655.524
1655.057
1655.015
1654.691
1654.627
1654.619
1648.293
1642.431
1642.129
1643.879
1640.818
1640.856
1641.607
1641.641
1640.393
1640.472
1645.161
1645.475
1646.862
1646.851
1646.141
1646.079
1649.399
1650.128
0.98773
1649.445
1649.422
0.98803
0.98821
0.98833
0.6332
0.63316
0.57177
1649.07
1649.102
0.57118
1649.301
1650.474
1.54919
1648.407
147.003
148.898
0.56913
0.63106
0.63095
1651.768
1.13029
0.62957
1.54768
1.54784
1648.746
1.79241
1.37191
168.219
1.12995
1647.938
1647.226
1647.081
1647.014
1646.912
1645.826
1645.7
1645.126
1649.139
1648.972
1649.209
1649.461
0.5667
0.62883
1649.214
1650.724
1651.007
1651.11
1651.233
1651.34
1649.721
1649.722
1649.077
0.98364
1650.462
0.9844
1651.77
1649.342
0.62956
0.56873
1648.824
1648.755
1.13391
1649.408
1648.908
1649.353
1647.548
1646.571
0.98149
0.98144
1647.024
1647.156
1651.121
0.98419
0.98415
1.10235
1.10232
1.10234
94.444
148.874
0.98337
0.57514
0.57513
0.57525
0.57495
0.63575
0.57517
0.6357
0.6357
0.57559
0.98435
148.582
148.202
146.211
146.295
146.231
0.98324
0.5744
0.98375
0.98428
0.98428
0.63668
0.63625
1.13175
1.13175
1.13182
0.63694
0.63687
0.98496
1660.473
1660.531
1660.469
1660.45
1660.434
0.63708
0.99996
0.99994
0.99999
0.99925
0.63807
0.6385
0.63519
0.63528
1.0008
1.00082
0.5733
1.12476
0.57326
1651.656
1651.651
1652.222
1640.676
1640.692
1641.165
1641.11
0.97798
0.62883
1.11544
1638.632
1641.308
1641.26
1641.096
1641.593
1641.611
1641.667
1633
1633
1633
1632.353
1624.243
1624.269
1624.342
1622.413
1622.401
1620.358
1626.293
1626.317
0.98238
1630.614
1633.417
0.98271
0.63088
146.965
1.55224
0.87109
146.971
1.37306
1.00181
0.87122
0.87124
0.87124
0.98234
0.98234
1.12909
1.12909
1.12897
1641.246
1641.334
1.13023
1.12937
1.13051
1.13107
1.131
1.13099
0.98209
0.98208
1.12572
1.12685
0.98194
0.98198
1.12734
0.98203
0.98206
1.12742
0.98211
1636.664
1636.665
1637.238
1637.383
1637.578
1637.578
1637.554
1637.572
0.97773
1631.096
1631.089
1632.854
1632.768
1629.707
1629.756
1629.761
1628.909
1629.021
146.77
146.771
146.769
1631.564
0.97831
1.56192
1632.094
1632.225
1630.877
1630.833
1630.18
1630.244
1630.3
0.97839
1631.923
1631.895
1636.217
1635.349
1634.209
1633.926
1634.203
1633.823
1634.092
1.12898
1.1289
1647.298
1652.066
1652.024
1652.099
1652.108
149.245
1651.804
1651.807
1651.605
1651.401
1.56363
1651.147
1.56355
1651.112
1.56363
1.56363
1.56366
1.56474
1.56469
1.56503
1.56505
1.13036
146.966
93.861
0.98484
0.6294
1652.053
1651.625
1651.538
1.56514
1.56564
1.56567
1648.643
149.091
1.56244
18.689
1652.29
1.13106
1.13236
0.99479
0.99411
0.9941
0.99397
0.99402
0.99398
0.99399
0.99373
0.99368
1.13255
1.13339
1.13124
1.13038
1653.045
1.13033
1.35256
1.35268
1.56069
1.56066
1.55464
1.56448
1.79878
1.56316
1.13241
0.99435
1.56365
0.9835
0.98355
19572.23
1.36928
1.36911
0.99419
1.36895
0.99418
1.36881
1657.968
0.98565
0.98564
19573.08
19573.09
1.80118
19572.24
19581.37
19582.850000000002
0.56959
1.1314
0.98421
1.13955
1658.048
1.13982
0.86391
0.98439
0.98439
0.98437
1.80918
1.80934
1.81141
169.857
169.911
0.8603
0.86026
0.86029
1.81567
1.8152
1.81592
1.81593
1.81745
1.81192
1.81198
1.13627
1.13624
1664.667
1664.417
1664.294
1664.686
1664.734
1665.177
1665.176
1665.214
1665.052
1664.103
1657.759
1657.66
1.12894
1.12866
1.38094
1.38098
1.38098
1.12753
1.80506
1.80623
1.80616
1658.999
1658.875
1.37961
1656.833
1656.742
1657.286
1657.567
1.12756
1.12744
1.12767
1.12824
1655.269
1655.296
1655.307
1.12735
1654.728
1654.76
1.38338
1.38338
1.38336
1.38333
1656.279
1656.351
1656.393
1.12722
1.38229
0.97428
0.97428
1.38393
1.38393
1.38387
1.3838
1650.501
1650.501
1652.052
1652.079
1651.981
1651.964
1.12334
1.12354
1.12373
0.97417
1643.057
1641.385
1641.39
1642.822
1642.662
1643.844
1643.678
1644.651
1644.772
1650.039
1649.915
1649.796
1652.564
1649.958
1652
0.97172
1656.217
1.3427
1.34268
1.34256
0.97834
1.13255
0.97859
0.63269
0.56627
1.131
1.131
1.13347
0.56363
1.13188
0.62954
0.9777
1.3749
0.63025
0.63025
0.99883
0.99884
0.97843
0.97841
0.5644
1669.054
1.13217
1.13256
1.13256
1666.88
1.13181
1.13172
19136.73
1.13189
0.9767
1664.23
1664.207
0.97799
1.13442
18937.86
1649.945
18394.31
0.97007
1647.081
1646.612
1.80607
1.8061
0.96663
1.80485
1.80476
1.80468
1649.222
1.80573
1.80522
91.117
1679.061
1.11492
1.11502
0.97275
0.97285
1675.587
163.313
82.557
163.076
92.301
162.855
162.86
0.87531
142.501
0.96911
1.10656
0.62704
0.5598
0.62717
0.97002
1668.434
1668.069
0.96997
0.62729
0.62727
1.10681
1.10677
0.56102
1.11853
1669.9
1.10837
1.10878
1.10878
1.1087
1.1087
0.9702
0.9702
1.11175
1.107
1.10644
1.1066
1.10664
1.10672
1.10748
0.97082
0.97081
0.9708
1.10768
0.9707
0.97067
0.97066
0.9707
0.97081
0.9708
0.97087
0.97055
0.97053
0.97023
0.9703
1.10466
0.9715
0.9715
0.9711
1.10554
0.97119
0.97133
0.97097
1.10574
1.10567
1.09726
0.9719
0.97204
0.97211
0.97284
0.97278
0.97274
1.09973
0.97159
1.10038
1.10059
1.10058
1663.964
1.09924
1667.006
1.0986
1666.797
1.10038
1.76511
1.7652
1.76531
1.76571
1.7663
1.76643
1.76443
1.76388
1.76217
1.76165
1.76296
1.76271
1.76268
1.76275
0.96997
1.76501
1.7649
1.76491
1.76485
0.97203
1.76564
1.76561
1.76147
1.76145
1.76138
1.76149
1.76357
1.76049
1.76058
1.75465
1.75466
1.75469
19202.34
19201.18
1669.727
0.97159
0.97165
0.97161
0.97162
0.97148
1670.057
1670.294
1669.871
1669.805
1676.653
1676.768
1676.741
1676.67
1676.839
1676.702
1676.807
1676.049
1675.961
1677.841
1678.119
1680.855
1680.786
1680.784
1680.791
1.11053
1.11054
1.11057
1.11047
1.1104
1.10945
1.10947
1693.155
1693.511
0.97468
1.11027
1.52968
0.97439
0.97433
0.97386
0.97358
0.97357
19508.89
19425.66
19425.5
19425.54
19425.5
19501.010000000002
19503.29
0.97789
0.9776
0.97536
0.9755
0.97541
1.11423
1.11431
1.11446
1.11489
1.11513
1.11481
1.12099
1.12089
1.11958
1.11958
1.11962
1.12076
1.11941
1.11939
1.11938
1.12039
1.11391
92.894
1.11443
1.11437
1.11592
1.11591
1.11673
1.1169
1.11699
1.11614
0.77699
0.9797
0.97988
0.98884
0.98114
1.13085
1718.506
0.98903
1718.572
1.13172
0.8753
0.87526
1721.875
1721.872
1721.872
0.87255
0.87339
0.87348
0.8735
0.8735
0.8735
0.8735
0.8735
0.87355
0.87347
0.87341
0.87338
0.87334
0.87272
0.87231
0.87229
0.87229
0.87234
0.87234
0.87231
0.87228
0.98779
0.98754
1.13243
0.98613
0.98613
1.12895
1.12901
0.87616
1708.235
1707.352
1.12665
1.12763
1707.111
1.13323
1710.992
0.87377
0.87379
0.99079
0.99086
0.87436
0.87436
0.87439
0.87436
0.87411
0.87421
0.87433
0.87449
1712.559
0.87299
0.87302
0.87287
0.87281
0.87281
0.87286
0.87287
0.87287
0.87289
0.8729
0.99162
143.277
1.76024
0.57181
0.99443
1.14129
20196.04
144.109
0.99679
1719.73
1709.482
1709.616
1709.286
1709.157
19971.18
1704.838
1704.838
1705.308
1706.591
1706.605
0.98575
1.13177
1699.933
1.51046
1.51046
0.983
1.51176
1696.189
1696.217
1696.137
1696.087
1696.095
1.5076
1.50761
1.5076
1669.315
144.877
0.56482
1668
0.56305
1.11
1.74
1.528
0.97978
1.1163
1.11318
1.11548
1.11532
1.11737
1.11765
1.11766
1.11588
1.11652
1.11677
1.1168
1.11653
1.11652
1.11641
1.11598
1.11537
1.10914
1.10908
1.10965
1.11009
1.11014
1.11032
1.11026
1.11019
1.10996
1.10979
1.11114
1.11046
1.11073
1.10528
1.10521
1.10547
1.10764
1666.356
1665.975
1666.207
1666.349
1665.162
1.10267
1663.19
1663.082
1.1039
1.10405
1.10563
1.10566
0.98114
1.11724
0.98201
1.11713
0.98193
1.11712
1.11943
0.98305
1.36655
1630.071
144.419
144.423
144.427
144.427
1.07699
1.07694
1.07584
1.07625
1.07249
1.07178
1.0881
1.08877
1.08889
1.07858
1.07861
1.07855
1.079
1.0767
1.0767
1.07655
1.07502
1.07501
1.07589
1.0759
1.07634
1.07635
1.07642
19091.5
19100.57
19101
19101.2
19100.47
19100.15
19100.19
19076.56
19080.7
18956.68
18957.19
18957.79
18956.72
18946.96
18945.04
18945.48
18945.72
18945.77
18886.4
18884.68
18885.55
1.08741
1.08745
1.08747
1.10741
1.10723
1.10714
1.10712
1.10714
1.10712
1.10727
1.10656
1.10658
1.10657
1.10521
1.10511
1.10506
1.10485
1.10438
1.10449
1674.476
159.459
159.474
159.491
159.489
159.487
159.484
159.481
160.086
160.087
160.08
160.734
1.12692
1.12691
1659.872
0.98479
1.12334
1.12342
162.805
18427.52
18428.29
18429.87
1674.354
1675.228
1675.258
1675.266
1.13714
1.13713
1.13713
1665.754
1665.706
1665.509
1668.807
1668.841
1668.838
1668.839
1668.868
1668.868
1668.77
1668.77
1.00231
1.00237
1.00238
1.0024
1.00238
1.00236
1.00241
163.754
163.756
163.561
163.561
1.00324
18758.39
18494.100000000002
1664.988
1665.003
1665.026
18459.95
18460.29
18458.420000000002
1666.462
1666.344
1666.381
0.96751
0.96834
163.245
163.054
163.054
1.49177
1.49175
1679.081
1678.902
1678.311
1678.179
1677.936
1676.329
1676.289
1676.053
1673.615
0.99979
1662.408
1661.844
1662.012
1662.036
1661.896
1659.756
1659.82
1659.771
1660.6
1660.586
0.99741
0.99739
0.99737
0.99717
0.99721
0.99716
0.99744
0.99738
0.9974
1655.525
1655.597
0.99599
0.99597
0.99877
0.9988
0.99855
0.99857
0.99856
1664.25
1664.311
1664.304
1.14835
1.14929
1.1493
1668.024
1668.064
1668.059
1667.909
1668.553
1668.614
1668.591
1667.142
1667.569
1670.673
1667.678
1667.711
1668.467
1668.315
1674.135
1688.865
1688.972
1689.059
1688.939
1682.265
1682.096
1689.131
1688.962
1687.832
1687.823
1687.707
1687.649
0.9985
0.9985
0.9985
