6547.23
6547.23
6545.43
6760.32
7122.69
7169.16
7154.1
7192.2
7192.2
7183.74
7179.09
7157.64
7119.96
7114.89
7001.19
7001.19
7013.94
7121.01
7073.46
7169.49
7211.73
12226
12226
12226
12213.62
12396.38
12336.81
12434.28
12517.64
12517.64
12517.64
12505.46
12501.64
12431.75
12488.71
12304.44
12304.44
12324.84
12481.94
12666.05
12727.73
12753.67
367.3
367.3
366.09
358.08
374.15
360.01
363.03
381.08
380.51
382.09
382.14
423.65
419.27
417.76
417.44
417.75
416.81
432.76
416.77
340.76
367.13
1369.65
1369.65
1369.65
1369.65
1302.23
1330.7
1321.35
1351.6
1351.6
1351.6
1339.7
1343.9
1330.05
1324.2
1324.2
1324.2
1324.2
1324.2
1331.88
1356.63
1390.55
1524.77
1523.21
1523.88
1473.67
1470.1
1357.08
1399.6
1394.43
1392.12
1388.91
1381.23
1368.54
1327.04
1328.38
1304.38
1306.31
1291.42
1320.03
1391.06
1420.85
1439.49
298.41
298.41
297.15
327.03
327.03
332.01
337.87
300
300
300
300.2
318.45
307.42
314.59
186.79
186.79
208.3
282.81
291.06
326.73
335.73
100.05
100.05
100.05
105.05
104.7
103.03
103.03
100
100
50
44.09
44.09
69.6
72.39
72.39
72.39
60
40
0
0
0
330.72
1330.98
1226.97
1173.49
1271.06
1072.77
1051.82
1079.22
929.31
1007.87
1093.78
1012.87
694.88
786.15
178.33
178.52
1192.63
430.79
420.21
509.13
444.65
1000.16
1013.72
985.41
1005.55
993.68
1053.93
979.88
1087.16
1088.48
1039.28
1068.39
1121.23
998.8
935.82
770.57
768.28
790.96
843.46
850.37
893.33
825.87
