58
11
24
9
26
68
30
71
48
0
3
6
33
69
1
7
13
14
59
19
56
84
94
52
92
64
9
63
8
31
42
0
26
71
52
11
41
25
40
86
41
23
0
88
75
22
3
10
95
50
44
2
4
1
64
70
0
48
37
40
57
20
0
79
27
35
88
37
74
4
2
8
14
8
42
86
17
82
0
2
1
60
0
71
6
91
39
12
56
39
10
34
13
40
28
1
31
68
99
8
84
71
20
12
84
33
29
10
1
33
60
36
91
16
0
59
25
54
23
43
46
84
34
24
54
78
0
0
0
91
35
11
42
63
10
0
0
26
71
71
45
84
83
11
3
78
44
56
3
93
91
1
93
0
9
33
8
22
5
46
15
41
9
52
55
78
6
80
11
40
87
91
15
52
11
0
83
27
66
78
0
0
0
0
0
0
11
69
18
39
22
62
22
35
4
34
35
1
3
0
69
23
9
64
17
34
38
26
99
18
95
8
29
47
0
70
0
2
93
11
56
30
29
15
13
15
61
67
80
87
58
12
43
29
15
16
35
52
96
17
53
53
15
0
0
0
29
27
98
45
15
20
59
26
56
1
1
16
0
46
35
60
25
36
14
72
43
74
17
74
4
49
23
34
71
12
95
36
65
9
41
34
5
11
9
78
2
67
50
9
73
11
16
82
10
54
5
39
8
35
22
62
2
28
17
3
8
85
11
1
3
51
18
0
3
22
2
20
10
26
17
89
0
8
8
17
23
33
5
31
17
19
0
18
29
77
17
0
3
24
2
35
13
97
99
11
7
0
79
35
27
6
85
57
92
0
38
1
0
19
3
78
63
10
5
35
3
0
1
0
11
52
21
56
44
4
3
89
97
95
74
15
15
3
16
60
51
14
2
26
82
80
16
35
12
5
40
14
16
49
21
60
70
74
4
3
52
63
76
60
10
1
7
46
30
0
69
82
50
37
98
27
10
6
8
78
83
59
81
1
7
3
93
4
84
38
31
29
17
90
85
58
1
4
95
14
2
35
14
24
0
60
16
4
15
0
8
7
27
21
11
77
10
1
8
5
9
11
7
89
74
28
97
6
22
81
16
14
3
28
3
15
20
3
2
0
35
6
63
15
7
1
44
14
41
25
25
25
25
25
23
25
25
25
0
10
88
73
8
1
4
10
2
3
24
43
18
0
18
8
16
14
9
43
19
11
9
0
66
8
24
27
27
31
9
19
0
86
0
16
16
4
10
0
3
2
19
11
34
13
24
79
15
84
8
12
57
54
11
18
0
5
0
37
59
3
31
21
17
2
29
4
2
53
59
4
7
7
9
1
85
86
31
0
5
73
11
0
8
20
5
54
2
5
26
0
20
12
0
8
43
5
5
5
12
5
3
10
8
17
12
34
38
46
23
10
37
8
4
1
15
3
13
9
25
7
15
38
2
4
0
14
15
57
39
0
62
77
12
35
40
7
3
6
1
52
