6738.45
182.02
12196.58
359.85
1369.65
1466.5
326.91
102.98
1117.8
975.55
6342.19
452.44
483.06
399.93
1915.29
126.82
726.41
157.37
485.76
427.64
0
134.55
4046.63
28.54
745.55
3739.36
2036.49
386.33
722.82
489.91
1614.8
3393.9
505.87
-317.45
5810.33
997.25
2920.04
866.42
13730.96
1172.68
445.64
922.14
1359.17
529.52
880.22
343.09
4932.1
995.38
22357.82
5383.05
557.68
8279.29
825.19
576.65
3.04
14127.93
15.08
105.08
5040.94
515.91
11306.88
238.66
112.37
536.72
1
2541.79
1.44
1.26
1.8
1.06
1.37
1.28
1.3
2104.15
39404.43
1470.72
523.73
477.84
5421.13
1.96
3820.85
27.64
1636.02
2925.13
2506.86
4.06
5007.69
2578.45
50437.31
176.6
349.24
833.84
538.38
414.69
0
970.87
657.41
412.13
5471.97
6138.23
1015.74
367.89
0.53
11184.42
2760.7
2.59
1147.88
150.77
36.98
5474.2
2027.15
129.62
295.68
138.28
500
0
8.4
9923.08
108.44
2391.18
1996.2
70850.89
1393.29
1048.23
75.71
129.26
129.93
742.5
146.92
293.23
1640.31
312.14
1519.76
116.45
114.42
0.01
668.1
173.51
4251.47
3681.8
315.65
2489.49
1030.96
660.86
316.02
4061.76
485.14
1890.23
1000
11.38
406.29
372.24
367.4
746.32
252.26
0
1331.46
19302.71
271.4
0
-145.42
25.08
5031.25
115.14
510.21
154.11
5796.14
1016.98
1402.35
1065.27
7.05
709.65
4865.78
779.67
14044.97
4278.38
2133.64
9.84
627.08
74.44
1369.92
0.1
537.29
1.35
313.44
289.94
1788.09
3.77
642.8
239.71
780.16
636.36
217.29
453.71
3125.9
7
1121.08
6274.93
0
1995.22
3166.37
800.97
1227.87
667.48
25.9
589.32
2011.78
246.76
-34.68
1237.44
4891.34
1900.23
443.39
553.95
39
65.78
981.91
0
0
6952.38
2623.79
529.51
1636.15
637.66
1111.63
903.64
4099.92
9225.76
0.84
6649.92
886.96
199.94
0.52
1228.34
1168.57
5051.77
0.17
476.05
1416.9
4096.75
9.8
2497.32
174.93
1370.18
353.99
1529.92
50.04
600.58
1047.98
2215.5
12228.52
62.84
463.04
3202.69
2205.74
2092.61
2253.92
9597.93
88.47
56.6
18.25
12.08
107.8
10000.88
495.86
0.08
10571.57
836.83
11490.86
98.35
49.29
41.57
1003.88
1095.07
10516.87
-1757.57
411.12
2228.66
20.59
2231.6
60.11
2.71
0
1000
115.71
540.16
133.62
437.25
181.21
563.07
317.16
1956.94
803.63
232.12
2965.87
1930.87
4500
51.66
118.54
5509.25
147.84
377.95
98.81
0.36
161.89
29.78
46.99
9456.62
740.7
2127.75
1060.57
96.01
707.87
4790.36
5046.39
109.75
614.59
81.07
7786.31
980.8
1010.15
1258.68
902.18
1029.74
10872.91
12.1
686.98
12140.09
32.37
609.23
160.68
70.78
72.18
63.28
1628.26
555.7
1802.43
5794.59
1059.47
177.33
470.46
2014.44
676.99
1.62
938.7
4.68
2085.76
498.42
0.72
306.99
1302.75
93.12
38.69
1089.34
952.97
1476.01
1435.04
521.17
0
3049.32
79.73
208.42
5071.81
1020.81
1002.92
1755.27
600.34
1526.96
1000
1969.3
442.83
3063.03
508.17
327.51
1002.06
8099.1
1360.59
363.37
1768.07
827.3
2.75
619.46
610.23
540.61
0
837.04
4208.01
2867.57
2661.61
67.42
10.05
10.05
10.04
10.05
281.49
10.15
10.15
10.16
10.06
10.15
10.13
10.14
10.07
10.13
500.78
93.55
513.15
507.16
1623.49
2670.4
1720.46
1506.37
474.48
1937.68
1777.99
1810.04
4452.7
1832.33
3449.02
618.36
584.38
634.44
5007.18
104.07
896.6
1038.94
27.64
1261.41
523.7
5794.06
3154.83
5684.38
162.22
2724.54
1544.4
620.41
80.22
8826.85
245.19
559.48
0
2746.53
141.62
385.54
4467.22
1516.12
279.39
92.52
603.62
6893.7
996.3
634.75
5919.06
813.93
429.73
857.39
257.58
468
932.81
166.79
-10.55
0
226.39
1025.84
356.98
1503.41
9462
558.26
2045.14
50
762.83
497.66
16.03
1034.15
118.99
396.68
0
36.15
481.41
19918.92
7271.36
386.44
23019.24
5088.37
3000.09
658.79
2205.61
2002.78
1231.46
69.14
1973.14
2199.49
144.59
323.07
140.11
2205.36
223.48
4518.03
989.43
9517.09
298.7
80.47
2049.8
621.76
45.36
213.51
945.24
760.31
345.93
5498.39
3484.06
2277.54
41.49
0
367.82
85.95
1208.09
369.21
234.78
651.48
10.32
1557.94
488.27
201.38
2444.81
815.84
364.24
2512.18
599.58
5960.97
1677.08
1601.99
1650.22
2208.64
10751.9
848.22
365.1
365.35
23013.22
2830.51
87.44
1233.54
1038.12
1576.11
281.74
614.96
427.11
1154.67
16.78
64.25
948.29
212.61
280.57
358.99
2757.9
1023.66
917.39
4851.24
46.8
995
642.57
786.3
338.14
34.51
1525.64
494.82
1187.74
0.03
0.03
1.03
722.25
1462.67
46.54
502.33
295.62
1550.78
6089.48
775.76
768.87
2107.88
1060.77
1606.83
3604.34
480.63
2036.76
25.15
1007.89
4421.1
2036.29
2110.08
503.06
43.48
1071.64
149.9
178.68
418.98
511.86
104.72
118.26
719.06
388.42
710.5
100.1
2968.46
0
1470.43
1450.9
942.99
414.84
1093.62
44.71
351.9
295.45
0
2117.85
712.42
897.65
78.11
240.78
455.06
131.74
75.69
1181.93
6369.94
1863.62
961.1
659.46
3.03
1016.41
7363.7
4158.33
2573.84
1513.3
328.8
1968.31
1770.6
647.82
2494.73
241.9
20
7535.61
351.42
925.78
244.55
2130.16
107.59
3159.67
359.24
2870.63
1587.37
0
272.96
90680.34
147.99
232.72
108.22
195.67
1000.46
4508.84
3001.97
2373.59
3339.51
566.42
527.95
789.34
646.28
579.3
3484.26
5858.76
135.5
2038.42
187.48
19683.54
253.86
2064.21
2000.58
508.04
1568.81
1002.14
1109.23
1032.92
1141.7
8
521.9
3557.36
9293.59
2824.94
1471
159.11
1152.45
1131.66
370.96
1282.3
519.77
1729.45
1193.84
5945.59
3.5
1023.36
1022.99
1022.91
0
279.16
0
1032.79
1032.56
1659.78
1032.66
90.67
8352.12
8353.07
8360.7
8199.01
8449.13
3177.2
1022.48
1150.77
685.31
459.52
1322.97
506.81
666.36
1127.2
555
1315.37
200.3
1600.56
1992.63
459.24
5112.37
198.29
436.76
1030.84
3040.34
538.29
2010.37
741.65
2510.51
8.96
590.35
107.61
527.06
3859.36
219.52
448.09
1433.47
503.1
162.66
68.35
103017.85
586.76
4512.12
1261.12
442.05
3471.77
458.33
2132.88
8112.03
170.54
3152.24
8206.32
9611.58
1384.78
850.5
10011.57
0.04
237.21
1036.81
28.78
5268.49
1175.86
262.48
641.53
6243.23
2607.95
0
0
995.58
564.18
9655.62
34.97
0
385.68
325.44
1536.73
3976.68
4946.72
1756.62
1736.1
1609.26
456.95
6.78
2662.58
1525.42
7143.93
575.58
3885.31
180.16
2219.85
5278.35
5210.09
434.44
11234.11
28.11
182.6
150.38
372.52
0
1102.4
648.69
9.14
7953.75
2023.73
248.94
3459.63
1201.74
776.29
1732.67
5289.91
5271.93
1934.21
15732.08
43.33
739.5
4421.97
1051.53
106.29
105.79
8119.62
7429.48
1420.87
2877.38
549.35
840.07
2195.96
877.94
286.98
1012.11
260.84
1738.86
53.76
1572.17
8738.04
2108.9
0.12
94.76
89.45
96.79
476.63
0.1
1532.18
158.7
2049.05
587.87
473.89
163.93
1745.09
624.9
97.87
1151.31
2032.5
405.33
920.82
0
1399.75
177.35
1023.3
1837.76
333.12
507.01
5650.65
292.73
240.44
4871.99
2102.59
4863.09
3810.24
990.75
138.73
530.25
293.66
268.03
1154.96
5146.49
1810.33
20161.14
2149.54
12045.75
994.74
188.55
5625.28
1015.35
5100.9
1089.94
191.55
3295.17
56.89
116.08
1726.63
2257.6
1985.98
147.97
464.04
2298.27
1061.55
340.82
1179
26.57
158.92
114.72
305.7
1445.16
428.27
459.79
3749.74
1887
1119.56
0
1004.13
4218.14
0.06
2089.43
539.01
1328.76
2779.69
4471.38
0
0
12177.64
197.99
211.23
307.45
108.12
426.54
341.38
101.27
0
3023.65
1127.98
8170.66
2143.48
1121.2
2.86
916.62
3067.97
1423.59
841.27
877.76
1196.44
1438.39
500
3401.09
9061.74
3185.19
2013.85
134.47
520.26
1404.8
558.88
3407.12
1455.39
436.98
1570.22
1971.07
2017.84
1502.84
1479.16
0
3796.31
1487.5
487.89
155.38
4720.34
1659.47
1240.92
5269.98
1465.67
213.2
0
601.57
8002.58
337.3
140.64
9293.34
1002.15
326.91
325.72
0
1.48
0
417.74
17.68
12.81
315.75
2075.12
697.96
2174.7
4020.68
1133.83
448.65
425.58
1376.78
288.7
0.01
2609.21
0
452.29
294.26
4259.62
1559.14
0.19
506.24
553.02
1090.23
523.18
2126.2
1065.39
1965.95
883.97
2085.97
657.26
1711.52
713.33
49.36
423.48
870.25
1053.58
2027.54
499.99
5041.52
762.7
0
4708.99
70000
820.57
0
108.31
662.27
79.22
1676.54
653.47
40.16
2341.42
465.54
1091.84
0
2138.02
627.27
527.92
467.74
4421.27
268.94
168.48
0
1058.62
1903.22
2647.46
3091.92
2080.25
291.9
273.58
2179.69
843.95
2640.79
2060.7
500
69.66
1819.33
0
582.52
1827.63
5030.46
420.18
313.79
423.13
2082.31
905.14
107.82
2591.41
553.21
690.09
1750.73
522.52
617.66
1085.33
584.07
477.14
2491.3
458.48
65.9
65.9
65.93
65.97
65.96
2009.85
94.4
94.54
94.47
94.6
92.81
0.86
0.71
0
692.62
1312
31.34
525.08
7924.84
1758.71
109.86
1170.72
1116.15
0
2102.06
0
564.14
1000
463.87
5230.74
5181.89
5170.76
8456.61
2161.7
2161.93
79.7
247.87
1500
394.6
346.41
844.96
27.08
288.68
515.18
0
553.67
417.7
1490.52
0
12785.38
1543.35
406.98
6521.14
989.27
994.74
1940.5
249.32
682.63
5984.62
2130.9
2377.46
484.96
782.42
0.03
779.86
1008.56
120.06
188.3
23.57
6002.8
2431.02
298.34
794.94
0.02
0
0
0
710.3
3
0
7857.61
142.01
1532.37
534.7
33.17
5551.04
868.43
5678.27
9625.54
120.94
1139.36
0
546.3
10103.24
0
396.23
4790.05
0
1528.77
484.75
287.1
3339.6
264.05
680.89
892.59
861.52
476.24
1411.91
17641.96
2040.86
5603.17
1807.17
173.58
520.25
65.56
1199
903.2
3401.84
83.27
250.83
901.73
865.04
591.73
8369.52
3228.75
228.58
245.62
200
4256.85
0
1060.29
2200.79
0
638.38
2035.67
1037.99
564.5
1199.25
863.23
15925.09
3126.97
477.5
2007.42
304.68
1233.78
569.65
4564.41
1262.43
234.03
2669.46
4709.82
1004.69
2074.21
503.73
1814.69
466.46
1500.01
400.08
2245.11
1405.18
1994.48
1798.24
9957.97
498.42
1963.83
7550.83
2211.12
1484.84
903.25
0
0
401.19
738.52
1321.62
0
1650.73
597.37
1059.48
46.46
706.54
255.09
60.61
5139.28
1622.59
3710.31
239.39
2283.21
831
926.29
200.06
116.91
560.36
464.53
398.99
1236.64
1971.83
116.13
0
515.78
117.76
2.1
654.19
0
303.68
500
3388.44
1318.85
289.37
0
1.22
907.4
340.72
0
3310.1
1587.31
3976.45
2409.14
1607.73
2783.42
652.2
3194.69
500.66
0
1998.02
428.75
0
219.52
3972.95
1.37
3869.38
287
708.82
5065.34
967.62
509.07
789.32
1123.24
2284.21
209.28
500
1991.38
1097.31
546.19
848.41
1023.07
466.68
0
1014.81
5331.47
204.63
0
408.18
22118.28
777.04
2142.79
1872.53
400.89
77617.71
2071.74
2099.18
0
1089.96
625.51
1070.04
529.33
261.26
1970.11
1490.73
916.71
1122.9
521.07
2277.14
1948.58
2175.47
0
5153.24
491.38
1127.94
128.25
1051.24
2038.73
4.08
442.25
986.66
477.52
740.88
1356.82
456.79
0
807.87
185.46
508.94
2424.21
3485.04
541
313.01
120.49
381.09
0
0
4547.85
769.56
109.4
4916.02
457.46
525.53
945.97
496.41
535.28
1350.9
994.08
0.01
0
124.01
2102.11
2060.71
712.56
1269.11
3544.78
1948.8
2001.3
1249.29
667.27
