1742
358
4
8
6
4
1
0
0
11
5
0
4
0
0
0
4
0
4
5
14
4
0
2
2
3
3
0
0
0
0
6
2
0
143
11
8
1
1
0
38
0
0
4
13
2
8
13
0
8
15
0
0
2
386
1
0
8
0
1
0
1
11
0
0
0
0
0
0
0
0
0
0
6
17
0
41
0
29
0
1
0
0
9
0
0
0
0
0
0
1
0
0
1
1
3
0
22
14
0
2
1
6
0
2
0
0
3
0
0
0
3
25
7
0
0
7
1
2
0
1
0
3
0
19
2
0
216
12
0
8
0
0
0
1
21
19
0
30
0
0
0
2
1
3
44
28
10
2
77
162
660
2
29
0
163
4
14
7
0
85
0
0
0
0
80
1
1
23
0
0
0
0
34
9
0
1
428
12
0
0
0
1
0
0
10
10
1
1
2
11
0
2
0
1
1
1
0
6
0
0
0
9
0
4
10
0
1
0
2
0
0
1
3
0
1
9
11
87
1
2
0
1
3
6
1
0
3
0
0
0
0
4
0
3
19
0
0
1
20
0
0
23
0
4
111
0
2
6
0
0
1
1
1
0
1
0
0
0
0
1
1
0
7
14
1
35
0
5
0
0
0
2
6
0
0
0
3
0
0
4
0
1
0
0
0
15
5
0
1
0
0
1
0
0
0
16
0
0
0
12
5
6
0
1
9
1
3
0
0
3
88
0
2
20
19
6
14
25
108
0
26
22
1
26
0
11
0
7
0
20
0
0
0
12
7
0
1
1
731
5
0
0
0
2
39
11
0
0
0
0
0
0
1
0
9
0
2
1
95
1
0
0
2
0
0
14
1
0
0
216
0
3
2
6
7
1
0
0
1
6
0
0
0
19
0
0
0
3
0
7
5
38
0
3
0
9
30
0
0
0
8
1
141
0
43
13
132
26
0
14
0
2
0
6
9
5
18
0
7
0
0
15
0
5
8
10
14
0
1
0
0
6
18
13
4
11
6
5
0
0
0
1
4
0
1
5
0
0
46
35
3
0
11
0
8
0
1
1
0
12
4
1
1
0
0
2
23
15
0
0
333
15
725
17
0
1
16
62
0
2
3
11
0
2
3
1
1
122
1
10
3
6
0
99
18
3
1
0
2
0
0
2
1
7
1
0
13
46
347
1
201
2
10
50
0
1
6
0
0
1
3
830
0
12
0
0
0
1
147
3
3
0
5
0
0
0
8
1
0
2
0
0
4
3
1
0
3
2
1
1
4
2
0
3
3
5
0
3
2
2
1
6
0
24
2
3
1
6
0
16
0
0
1
1
7
5
12
6
274
0
43
5
0
0
0
18
0
0
5
3
3
0
8
1
0
3
1
1
2
2
0
0
4
0
229
0
2
0
0
8
373
4
1
0
0
511
1
0
0
14
410
1
0
0
0
6
61
6
35
3
55
0
27
4
9
0
1
10
11
27
0
104
4
0
0
4
37
2
0
0
6
0
78
0
0
1
0
0
6
1
0
14
7
1
1
62
11
3
9
0
0
4
0
9
4
0
6
16
4
2
0
15
0
19
2
0
10
6
0
0
1
2
744
2
1
6
3
11
4
1
0
0
0
98
3
89
0
95
1
0
0
0
17
15
0
0
0
8
14
1
7
96
0
18
0
344
80
1
0
12
48
25
0
2
2
379
1
7
6
16
2
3
0
0
0
7
0
2
1
1
0
103
3
3
27
0
4
1
5
2
0
0
5
7
0
0
3
0
0
30
0
5
0
3
0
0
2
0
1
0
149
120
0
10
0
2
69
1
0
49
0
0
167
1
0
0
1
0
6
0
0
1
1
0
0
2
12
0
10
2
0
0
0
0
0
5
0
9
1
0
1
0
0
784
168
252
0
5
2
0
0
3
0
3
0
0
1
16
0
21
0
7
0
0
8
32
0
1
1
5
0
0
0
0
0
19
0
0
28
1
1
3
0
0
0
0
1
4
0
0
7
0
0
0
0
1
0
0
0
7
13
0
0
0
3
2
2
0
0
0
0
0
7
4
9
0
225
1
2
45
16
0
3
0
0
0
0
12
0
1
0
4
1
109
6
0
0
6
1
2
0
4
0
11
13
4
3
10
3
0
2
2
0
0
2
21
4
2
2
0
0
29
3
0
1
1
2
5
1
0
0
6
4
0
1
0
0
0
0
0
0
3
0
0
1
8
0
51
0
1
0
2
23
0
90
0
0
16
0
0
0
0
0
10
0
12
0
8
2
0
0
4
7
0
0
0
6
0
22
92
71
0
24
0
0
0
0
17
0
3
0
0
2
0
4
3
6
1
2
0
13
0
1
15
8
0
17
0
4
1
0
0
0
12
8
0
0
3
2
0
0
1
8
3
24
0
9
0
0
0
2
0
5
3
0
0
0
53
0
0
42
6
0
1
10
2
0
0
4
12
5
0
3
0
11
5
0
0
0
6
0
0
21
0
2
5
0
0
0
0
0
15
21
12
0
0
0
1
4
0
7
3
0
6
3
0
2
6
0
7
2
46
0
1
1
71
1
0
1
35
4
1
264
0
1
30
0
0
3
4
2
0
0
1
0
0
250
0
0
0
0
0
0
0
40
5
5
5
5
7
2
0
3
3
5
3
4
12
1
16
0
8
0
10
0
0
0
2
0
5
1
0
0
0
0
59
1
2
0
0
0
1
0
0
0
0
0
1
0
17
1
1
0
0
0
0
0
13
1
0
0
2
147
7
7
7
0
1
0
0
7
0
0
0
0
0
0
4
3
0
0
0
0
5
4
0
0
3
0
0
0
1
13
10
2
0
8
35
5
0
0
0
5
2
0
95
0
0
0
1
1
2
0
4
0
23
0
1
1
0
4
1
1
1
10
8
32
0
4
0
10
10
0
249
5
27
0
0
0
0
6
0
8
0
0
2
7
0
1
6
2
0
4
24
3
1
8
0
2
7
9
0
0
0
4
6
0
0
0
1
123
0
10
0
1
0
4
2
1
0
0
1
1
0
0
3
10
2
0
3
2
15
2
0
1
1
0
0
0
0
2
0
0
0
1
0
1
5
3
2
0
1
93
0
3
0
0
0
1
0
2
3
15
0
1
6
2
1
0
0
6
0
0
3
2
40
0
0
0
1
0
3
4
1
1
0
1
15
2
0
0
0
0
0
3
1
0
1
1
125
1
0
2
25
1
5
1
0
13
11
3
0
1
6
2
3
1
2
5
3
6
25
0
1
0
0
0
93
0
1
0
0
2
1
0
12
0
2
6
0
3
0
0
0
0
4
1
2
1
0
40
1
0
11
0
2
0
70
0
0
2
2
3
9
4
12
2
0
37
2
0
0
0
1
0
6
0
18
0
0
7
0
0
0
2
2
0
3
0
1
0
7
4
4
2
27
1
1
0
2
0
0
10
1
0
1
0
0
4
0
0
1
2
10
0
0
3
1
0
0
0
0
0
0
0
0
2
2
0
0
2
5
0
6
0
0
0
7
4
4
0
1
2
37
0
0
0
5
4
0
2
13
5
0
0
4
6
0
0
5
0
4
1
29
0
1
0
38
0
0
1
1
3
16
2
10
3
3
6
0
2
5
10
8
2
0
0
1
0
0
3
0
0
0
0
4
0
1
1
0
0
1
0
0
4
0
0
6
0
0
1
6
0
4
1
75
0
8
0
0
0
0
0
0
100
0
137
0
1
7
1
1
0
0
0
0
1
63
15
7
2
0
17
0
0
0
0
0
0
3
6
3
0
0
1
14
0
17
6
0
5
0
5
0
0
0
0
0
3
0
0
0
0
0
0
0
0
7
4
1
1
0
0
1
0
0
0
3
0
0
3
4
12
7
2
0
5
0
0
12
0
0
