1.21904
1857.066
1856.529
1856.742
1860.124
1860.368
1860.173
1859.939
1861.124
1861.557
1863.051
1863.931
1864.435
1.22224
1.21884
1.21782
1.21189
1.21221
1.21186
1.21046
1.21057
1.21006
1.21008
1.21331
1.21336
1.21857
1.21871
1.2191
1.21908
1.22033
1.22032
1.22114
1.21919
1.21485
1.21492
1.21492
1.21492
1.21474
1.21473
1.21472
1.21476
1.21475
1.21475
1.21325
1.21326
1.21326
1.21322
1.21328
1.21319
1.21323
1.2132
1.20879
1.20869
1.20849
1.20886
1.20887
1860.708
1859.787
1860.703
1862.371
1.20418
1.20418
1865.071
1865.194
1861.273
1861.234
1.20347
1.20357
1.20455
1.20493
1.11432
1862.152
1864.79
1864.728
1864.077
1864.069
1.06738
1.06733
1.06726
1.06726
1.20533
1863.194
1863.241
1.06683
1.06685
1861.376
1861.35
1861.237
1861.184
1862.504
1862.462
1860.526
1860.627
1860.141
1858.27
1859.807
1.06946
1.06963
1.07022
1.07022
1862.95
1864.167
1.43839
131.198
131.15
131.149
131.2
131.214
131.268
1.21129
1.21106
1868.193
1868.213
1869.597
1871.316
0.69213
0.69317
131.199
131.546
131.529
131.485
1861.737
1861.336
1860.304
1.34463
1.34465
1.34471
1.34527
1.21642
1.21642
1.21717
1883.849
1874.734
1875.626
1873.516
1873.501
1874.144
1888.971
1889.188
1889.6
1882.418
1882.447
1882.59
1882.309
1884.673
1885.012
1882.393
1882.669
1883.401
1883.434
1885.045
1884.804
1881.993
1882.26
1882.745
1882.496
1879.289
1879.325
1879.048
1879.048
1878.125
1875.215
1876.737
1874.095
1876.471
1881.376
1.7339
1.73575
157.971
157.79
1873.765
1.07152
1869.198
1869.07
1871.224
1870.148
1.34396
1.34451
1.34459
1.34466
1869.005
1868.97
1867.565
1867.146
1869.462
1868.802
1.34385
1.5459
1.54121
1.53996
1.53994
1.34382
1.34379
1.34656
1.3466
1873.936
1874.322
1872.124
1872.097
1.34393
1.34393
1.34394
1.34397
1.34405
1.202
1872.899
1872.815
1872.876
1872.954
1.20587
1.20583
1.205
1.07905
1.07907
1874.311
1875.671
1875.685
1875.865
1875.911
1877.386
1875.84
1876.284
1877.065
1882.165
1882.225
1873.181
1873.06
1873.128
1872.807
1872.352
1873.07
1866.597
1864.586
1864.574
1864.49
1865.758
1863.815
1863.656
1864.031
1867.094
1875.67
1875
1874
1881.807
1881.375
1880.15
1880.107
1881.11
1881.122
1881.284
1879.835
1879.511
1880.005
1878.841
1878.906
1.09301
1.09301
1.09332
1917.786
1917.76
1917.8
1910.593
1910.55
1910.582
1910.558
1910.559
1911.098
1910.999
1911.046
1909.962
1909.95
1909.927
1912.193
1912.136
1911.312
1911.065
1911.105
1911.053
1911.124
1910.577
1910.512
1917.502
1917.695
1916.645
1915.367
1915.504
1915.223
1915.01
1914.781
1913.112
1913.054
1911.945
1916.517
1916.561
1916.041
1916.046
1915.47
1.09381
1.09388
1.09381
1.09383
1.09336
1.22886
1.22894
1.09094
1.09089
1923.797
1920.248
1918.078
1918.249
128.246
128.252
128.191
1956.337
1956.331
1956.243
1958.111
1958.179
1956.318
1928.694
1.23875
1927.978
1.34662
1.23663
129.56
0.91928
20768.43
0.62286
0.62288
1830.662
1828.546
130.555
130.55
1.19813
130.796
130.701
0.67244
130.807
130.848
130.864
0.88692
0.88692
1820.081
1.57214
1.57197
1.57217
1820.633
1.07002
1.07024
1.07021
1.06921
1.20797
1.06941
1.20623
1.20633
1.20584
1.20595
1.20558
1.35904
1.35896
1.35894
1.35981
1.58905
1.58842
1.58837
1.58843
1.58924
1.5893
1.12182
140.524
1793.013
1.35927
159.659
1817.457
1817.61
1817.932
1819.139
1819.173
1819.235
1819.312
1819.314
1819.068
1819.392
1.06067
1.06062
1819.007
1819.024
1819.107
159.863
97.24
88.748
140.399
0.92672
0.92647
0.92631
0.92583
0.92562
1.12076
131.396
130.929
132.07
132.077
140.663
140.636
140.566
96.394
87.43
88.208
88.192
88.167
97.033
97.112
97.126
87.828
96.783
140.177
140.185
131.908
132.013
131.734
131.742
131.637
131.507
131.515
131.515
1817.24
1818.378
131.444
1816.366
131.032
131.056
131.06
131.049
131.033
139.487
139.486
139.454
131.346
139.347
131.138
96.15
139.234
142.653
142.591
142.744
87.276
96.135
141.586
131.121
139.375
130.7
130.7
131.052
131.006
139.32
87.979
96.907
96.912
142.405
132.279
140.423
160.518
160.659
96.998
87.979
142.411
140.407
140.398
132.27
142.819
132.323
160.99
88.421
140.703
1.23726
1.2376
1.23769
1.23768
1.23778
0.64657
0.64666
1.06323
1.23704
0.64659
1.06328
1.06339
0.64663
0.64661
1.23716
1.23734
1.0639
1.23794
1.23733
0.64716
0.64704
1.06207
1.06207
0.68647
0.68633
1.06269
0.68649
1812.632
1.05162
1.05142
1.05142
1787.29
1787.456
1.55119
1.55128
17182.920000000002
17183.170000000002
17183.06
1.55029
1.54965
1.67445
1.67447
1.67347
1.67376
1.67373
1.81047
1797.479
1797.904
1798.79
1798.898
1.22736
1.22726
1.22729
1.14324
1.14472
1.14468
1.14475
1.14477
1.14354
1.1438
1.1436
1.14368
1.05806
1.05807
1.05811
1.55911
1.55857
1.21891
1.21894
1.21874
1.21738
1.2174
1.21739
1.21735
1.21666
1.21569
1.21696
1.21676
1.21651
1.21728
1.21727
1.2172
1.21719
1.2171
1.21667
1.21667
1.36721
1.36721
0.672
1.21854
1.21832
1.21839
0.67182
0.67181
1.21787
1.21787
1.22038
1.22052
1785.888
0.63666
1.36564
0.67294
1.05126
1.6663
1.36542
1.05123
1.0512
166.918
166.914
166.919
166.915
1.1483
1.65021
1.65202
1.65206
1.65224
1.65249
1.6528
1.6527
1.65303
1.65293
1.65333
1.65635
1.65392
1.65397
1.1484
1.6514
0.85989
0.67346
1.65012
1.65015
0.67321
1.81647
1.81652
1.81413
1.81421
1.81427
1.81421
1.8142
1.81339
1.81341
1.81344
1.5645
1.56454
1778.437
1.14567
1.14573
1.14552
1.14537
1.14523
1.14486
1.14487
1.14491
1.14424
1.14425
1.66601
1.66601
1.66601
1.04689
1.04692
1.04691
1.0464
1.21335
1.04655
1.21345
1.04655
0.66942
0.66951
0.66944
0.6695
0.66951
1.14381
1.14949
1.14951
1.82301
1.14477
1.14477
1.1448
1.14491
1.14489
1.14489
1.14588
1.14585
1.1457
1.14571
1.56862
1.14713
1.14713
1.14715
1.15102
1.15109
1.14993
1.14993
1.15006
91.584
0.63142
1.04953
1.21799
0.67028
1769.833
1769.528
1.06341
1.06343
1.06351
1.06348
1.06348
1.06431
1.06439
1.06468
1.06465
1.06466
1.65101
0.68165
1.05907
1.23088
0.64209
166.32
1.05712
1.05717
1.0564
1.05638
1.0569
1.23242
1.0569
1.23242
134.618
1.23339
1.23345
1.23345
1.23345
0.68412
1.23412
1.23412
1.23416
0.64256
1.23389
1.05636
1.23276
0.68387
1.0573
1.23306
134.55
134.563
1.65433
1.65438
1.6545
1.65455
1.80644
1.92142
1.80755
1.0456
1.20797
1.20799
1.20814
1.20775
1.20797
1.21085
1.21092
1.21099
1.21112
1.2111
1.21241
1.21231
1.21942
1.2191
1.21238
1.21265
1.21607
1.21582
1.21603
1.21601
1.21589
1.21607
1.21911
1.21926
1.21637
1.2193
1.2285
1.22845
1.21903
1.21956
1.22004
1.21914
1.21931
1.21931
1.22762
1.22827
1.22691
1.22735
1.22576
1.22576
1.22622
1.22603
1.22635
1.22603
1.22629
1.2265
1.22501
1.22484
1.22666
1.22634
1.22668
1.22835
1.22897
1.22938
1.22888
1.22668
1.226
1.22381
1.22363
1.22048
1.22056
1.21896
1.21898
1.21913
1.21919
1.21851
1.2185
1.21855
1.21978
1.21979
1.21981
1.22003
1.2199
0.63154
0.63164
0.63149
0.63109
0.63312
0.63391
0.63384
0.63377
0.63316
0.63318
0.63312
0.63184
0.63188
0.63113
1.21519
1.21508
1.21521
1.21525
1.21552
1.21548
1.21433
1.21431
1.21439
1.21425
1.21464
1.21312
1.21311
1.21314
1.21314
1.21157
1.2116
1.21172
0.63351
0.63357
0.63397
1.21238
1.21254
136.926
137.31
137.358
0.68016
0.68017
0.68017
0.68023
0.68012
0.68011
1.04275
0.68109
0.6815
1.04288
1.04302
1.04303
1.04333
1.04257
1.04257
1.04284
0.63239
136.318
1.04385
1.04429
0.63335
136.03
136.029
135.998
135.936
135.872
135.866
0.68371
0.68368
1.04599
1.04606
1.2112
1.21101
136.046
136.046
1.04555
1.04555
1.21131
1.2113
1.21132
0.6828
1.20981
1.2099
1.21023
1.21064
136.301
136.3
1.21042
136.587
136.597
1.20908
1.20919
136.687
136.687
0.67993
0.67991
136.685
136.717
136.678
1.04276
0.68011
0.68033
136.671
1.2094
1.2098
1.2103
1.2084
1.20876
0.6321
0.63209
1775.194
1775.517
0.6722
0.67227
1.40138
1.03547
1.40121
1.62277
1.62284
1.1993
0.62362
1.62676
1.0366
138.902
0.6237
0.6726
1.03745
0.67345
0.62429
0.94871
138.753
138.632
0.62332
138.641
138.679
0.67194
0.6237
0.95068
0.95069
0.6241
0.6245
0.624
1.03723
1.03741
1.03741
1.03692
0.67233
138.68
0.6729
138.5
0.6714
1.0351
0.62307
0.62318
1.03539
0.6719
0.6719
0.67171
0.67152
0.67147
1.03575
1.03503
1.03576
0.62307
0.62321
138.485
0.67226
138.486
1.19656
1.19612
1.19557
1.62211
1.6221
1.6222
1754.419
1.03534
165.774
0.95275
1.78583
1.19798
1.78879
1.78874
1.78807
1.78791
1.78664
1.78634
1.78995
1.79009
1.79011
1.79027
1.79035
1.7903
1753.438
1.78943
1.78944
1.78946
1.79007
1.79012
1.79018
1.79082
1.79088
1.79108
1.79108
1.79156
1.79165
1.62539
1.62544
1.79006
1.79018
1.79098
1.79094
1.79063
1.7905
1.79034
166.076
166.073
166.038
1.78872
1.78874
1.78873
1.789
1.78951
1.78996
1.62282
1.62343
1.78717
1.78732
1.7875
1.78783
1.78848
0.61993
0.66899
1.03338
1.92916
1.19611
138.567
1.62519
1.78907
1.62626
1.62748
1.79174
1.78923
1.62644
1.62658
1.6263
1.79166
1.79165
1.63365
1.63362
1.63383
1.41069
1.54687
1.20122
1.20118
1.03571
1.20149
1.54085
1.54084
1.20256
1755.87
1.2043
1.2045
1.20383
1.79715
1.79756
1.79757
1.79767
1.79772
1.79745
1.79754
1.036
1761.246
1.03617
1.03617
1.03615
1.03653
0.61206
1.03657
0.61226
0.66863
0.61223
1.03657
1.03644
0.66853
1.77208
1.57789
1.57806
1.57788
1.57796
1.58004
1.58013
1.58003
1.58084
1.5809
1.58088
1.58078
1.58104
1.58145
1.5811
1.58027
1.5802
1.58006
1760.461
1760.519
1.18221
1.18222
1.57708
1.57707
1.57716
1.57779
1.57751
1.57766
1.57768
1.57777
1.57594
1.57601
1.57591
1.57488
1.57477
1.57298
1.57439
1.57623
1.57597
1.18442
1.1826
1.03528
1.58452
1.69492
1.58187
1.5819
1.58049
1.58035
1.58006
1.5863
1.58628
1.58425
1.58432
1.6937
1.69376
1.69375
144.754
144.757
144.76
166.163
166.147
1763.489
1.0383
1763.581
1.54558
1.54563
1.54548
1.54546
0.87218
1.12303
1.12327
1783.552
165.872
1.75453
1.75431
0.94438
0.81684
1779.844
1779.185
1779.401
1779.484
1779.499
1779.835
1779.839
1.18693
1.18693
1.03607
1.18689
0.61665
1.03641
0.67687
0.67688
0.61651
1.18716
1.03687
0.61487
1.03158
1.18257
0.6747
1.18184
0.67494
1.18179
0.6148
1.03047
1.03083
1.182
0.89998
0.90011
1.18701
1.19141
1.18871
1.18973
1.18967
1.18842
1.19181
1.19173
1.04016
0.61433
1.1915
1.19126
1.1908
1770.628
1770.749
1770.64
1770.468
1770.739
1.04001
1.04269
1.04276
1.03963
1.03965
1770.249
1770.167
1.04059
1.04057
1.0416
1.04158
1.04165
1784.395
1784.739
0.94154
0.61406
1.0391
1.18155
1.32854
105.131
105.362
105.396
105.357
105.36
105.32
105.322
140.377
105.401
105.367
85.492
93.945
144.891
144.624
1770.733
164.551
144.516
1.17524
1770.524
0.94251
0.892
1.75466
0.67059
0.61045
1.32999
1.32967
140.225
139.88
139.861
0.94241
1.69235
1.75584
1774.339
1.69262
0.57557
0.57529
0.57553
1.54088
1.54069
1773.608
0.81265
1.7554
1.7554
1.1088
145.037
0.88073
145.037
0.88073
145.045
0.88077
0.61018
0.94222
140.348
1.32966
1.03404
0.67004
1.17371
1.10638
1.17355
1.17348
1.0337
1.17203
1.17195
1.17351
1.17328
1.1717
0.67092
1.17165
1.0326
1.03307
1.03234
1.17301
1.17326
1.17331
1.17234
1.03264
1.03266
1.03281
1.17134
1.10948
1.32785
164.848
1.74961
164.854
164.931
1.54223
1.54272
1.75226
0.60903
1.17297
1764.631
1764.493
1764.501
1.55861
165.045
1.174
1.7594
1.76139
1.76266
1.11407
1.17922
1.6951
1.54246
16985.21
1.69506
1.54272
17128.75
17102.03
143.953
164.071
143.96
163.986
1.17669
1.17666
1.17655
1.54418
1.5442
1761.503
1.17535
1760.131
1.03095
0.60851
1.69397
1.175
1.696
1.698
16791.46
16752.78
16834.15
16800.63
16799.74
16821.66
0.94066
0.94058
0.9456
0.94558
0.94569
0.94074
1.18321
1.02869
0.96468
1.02879
1.02939
0.60478
1759.683
139.833
139.77
139.765
139.317
141.648
1.17144
142.12
142.12
142.12
142.102
142.106
142.106
142.106
142.04
142.041
142.029
1752.933
141.784
141.782
142.125
142.099
141.941
141.879
141.559
142.099
0.9679
0.9679
0.96782
141.893
1.33406
1744.891
1709.604
1705.774
1705.825
1705.77
1705.698
1705.642
1707.376
1707.364
1707.288
1707.917
1707.39
1707.394
1708.07
1708.015
1706.142
1707.782
1708.037
1709.842
1713.362
1713.055
1711.292
17093.94
1.14354
1.14266
1.14028
1.14101
1.55125
1.14006
17451.13
1.14538
17454.21
17437.95
17349.78
1.1444
1.14457
0.65167
1.15568
0.64902
1.35019
0.99107
1704
1704
1705.061
1706.946
1698
1695
1711.839
1711.836
1711.849
0.9993
0.99972
1712.297
1709.449
1712.785
1713.046
1713.386
1713.439
1713.219
1713.321
1713.335
1713.596
1.54468
1678
1.5451
1674.183
1676.356
1674.376
1.14586
1.54443
1.09203
1.00026
1.00023
1.1466
1.00015
1.00009
1672.376
1672.224
0.64801
1668.916
1669.015
1.54951
1.54951
1.54951
1.54951
1676.863
1676.863
1670.67
1672.241
1675.03
20869.19
20875.04
20878.36
20875.260000000002
1.15352
1.1536
1676.781
1676.779
1676.671
1676.494
1678.436
1678.141
1678.834
1678.046
1676.444
1677.963
1677.82
1.14686
1676.411
1676.054
1676.832
1.14592
0.99598
1675.707
1665.189
1665.493
1676.99
1677.834
1670.985
1672.018
1671.957
1673.686
1673.853
1673.749
1673.907
1673.563
1673.636
1666.578
1648.399
1650.711
1651.218
1653
1654
1655.37
1655.359
1656.06
1655.618
1656.16
1655.845
1656.818
1657.432
1657.783
1658.567
1659.685
1659.485
1660.2
1662.453
1663.823
1663.776
1664.567
1665.09
1666.409
1663.448
1663.611
1658.676
1640.52
1642.612
1644.401
1651.509
1647.776
1648.567
1644.652
1647.623
1647.214
1647.649
1642.419
1642.813
0.97723
0.97687
1639.352
0.97699
1.12063
1.12061
1.12037
1.11973
1.11973
165.885
165.873
144.615
1.11962
1.11946
1631.832
1619.574
1620.236
1619.574
1.79014
1.55166
166.831
166.988
1.14101
1.14186
1.55131
1.78263
1621.282
166.092
1.13597
1.54513
1.14093
1.79052
1.54998
1.54986
166.896
1633.567
1632.982
0.98103
1.13782
1634.07
1634.723
1634.817
1634.981
1635.675
1636.894
147.914
1.00366
1.00366
1634.312
1634.021
1635.032
1659.933
1658.017
1668
1658.017
1659.728
1663.529
1665
1.00011
0.99735
0.99732
0.99727
0.99769
0.9977
0.99563
0.99567
0.99547
0.9953
0.99504
0.99636
0.9963
0.99615
0.99633
0.99609
0.99607
0.99602
1658.471
0.99628
0.98923
0.58781
0.99661
0.99633
0.99625
1.15036
1657.922
1655.504
0.99732
0.99734
0.9973
0.99731
0.99726
0.99638
0.99629
0.99762
0.9973
0.9974
0.99721
169.494
145.787
145.787
169.494
0.99778
0.99776
1.35934
0.99873
0.99872
0.99851
0.99844
0.99845
0.99815
0.99815
0.99817
0.63955
0.584
0.584
0.5841
0.99809
0.9981
0.99805
0.9979
0.87151
0.8715
0.99849
0.99865
1.34589
1.34585
1.34611
0.99991
0.99984
0.9998
0.99927
0.99945
1.36367
1.36283
0.99923
0.99914
1.79303
1.56298
0.8609
0.86088
170.238
170.245
170.184
1647.087
1648.124
1646.819
1650.555
1651.833
1652.263
1654.893
1654.988
1654.808
1652.714
1653.922
1653.497
1654.108
1651.96
1.15367
1.09874
1643.077
1643.088
1643.887
1644.766
1645.077
1645.274
1648.484
1648.829
1649.163
1649.736
0.99257
1.15334
1641.579
1641.566
0.87315
0.643
1.54077
1.1494
0.98891
0.98879
0.98851
0.98834
0.63952
1.15111
0.98829
0.6392
0.63968
0.98845
1.1491
1.15125
20403.87
20396.33
0.9881
0.63922
0.63924
0.9881
1.15005
1638.854
1.14961
0.98781
0.6385
0.85959
0.85917
0.63763
0.63758
0.98779
0.98816
1.14949
1.54951
0.99316
0.5796
0.63913
0.99298
1.16007
1.16007
1.16016
1.16031
1658.865
1658.841
1659.041
1658.899
1658.699
1645.135
1645.137
1.15972
1.15971
1.15976
1.15984
1.15989
1.15991
1.16087
1.16087
1.16089
1.1609
1.15974
1.1599
1.1601
1.16013
20917.52
1644.748
1644.751
0.9947
0.99466
1641.436
171.204
0.99357
1643.494
1639.088
1639.194
1639.06
1640.896
1640.314
1641.629
1642.789
1644.233
1644.012
1647.574
1643.902
1644.432
1644.339
1646.803
1646.665
1643.084
1642.981
1642.633
1641.759
1641.687
1644.751
1643.767
1649.963
1652.359
1649.6
1648.5
1648.11
1648.577
1648.233
169.287
169.387
169.49
169.526
169.511
1664.676
1659.566
1659.563
1659.623
1659.7
1659.666
1658.694
169.295
169.278
169.271
1.15972
0.99907
0.99883
1659.41
0.9988
0.99856
0.99799
145.921
1660.406
1661.709
1661.928
1658.698
145.725
1666.347
145.725
145.719
145.709
1.00743
1.16071
1660.034
1661.583
1661.09
145.714
145.568
145.704
145.573
1.35597
1665.29
1.15963
1.15955
1.1577
1.15743
1.00718
1.00722
1.00721
1.00721
1.00744
1.00733
1.00752
1.00773
1.00777
1.00778
1.16149
1.16143
1665.079
146.422
146.418
1.16173
1.1618
1.16207
1.16181
1.16166
1.16071
1.16056
1.16066
1.1607
1.16086
1.16131
1.16134
1.16142
1.15986
1.16012
1.16036
146.577
146.589
146.575
146.578
146.574
146.547
146.593
146.592
1.158
1.36834
1.3685
0.87619
108.567
108.659
1663.723
1662.027
108.535
1661.971
0.87728
147.133
1666.512
147.01
147.01
147.001
0.64782
1.15671
108.544
1.7877
1.15782
1.15758
1.15756
1.15754
1.15842
1.1585
1.15829
1.15983
1.00313
1.78784
0.63919
0.64045
0.99533
0.9958
1.14578
1.14544
0.64037
0.64205
0.64209
0.99799
1655.563
1662.422
1663.002
20282.32
1657.43
0.86891
1.14578
0.99563
1.147
1.14705
1.14731
1.14744
1.14741
1.14742
1.14752
1.79447
1.79447
1.7945
20178.46
20082.39
1.14689
20009.7
20014.03
1.79544
1.56412
20136.03
20150.09
20151.13
1.14703
1.14713
1.14724
1.14733
1.1473
1.14619
1.14696
1.14696
1.14743
1.14793
1.14795
1.14748
1.14627
1.14634
1.14729
1.14752
1.14714
1.14767
1.14703
1.14648
1.14646
1655.181
1655.398
1655.322
1655.423
1654.329
1659.587
1659.213
1657.998
1644.371
1644.482
1656.77
1656.163
1655.236
1654.632
1654.553
1653.737
1654.266
1653.523
1654.172
1652.952
1652.264
1650.388
1651.689
1650.296
1646.699
1642.037
1642.023
1644.308
1639.783
1639.712
1642.103
1641.933
1639.491
1639.267
1645.954
1645.912
1646.654
1646.475
1645.674
1645.335
1650.214
1650.652
0.98777
1649.611
1649.618
0.98836
0.9884
0.98849
0.63365
0.63394
0.57152
1649.124
1649.21
0.57116
1648.878
1649.832
1.54932
1648.306
146.991
148.938
0.56898
0.63092
0.63021
1647.621
1.13051
0.63053
1.55148
1.54931
1647.482
1.79381
1.37228
168.131
1.13103
1647.324
1650.249
1650.01
1649.146
1647.725
1644.718
1644.81
1644.351
1648.299
1647.383
1648.848
1648.5
0.56809
0.6304
1648.723
1649.805
1649.509
1650.12
1649.602
1649.778
1648.36
1647.947
1648.503
0.98298
1651.801
0.98283
1649.048
1648.024
0.62943
0.56848
1647.908
1647.675
1.13406
1648.962
1648.471
1648.588
1646.662
1646.158
0.98077
0.98074
1646.782
1646.211
1651.032
0.98322
0.98306
1.10542
1.10576
1.10587
94.452
148.904
0.98327
0.57383
0.57392
0.57543
0.57509
0.63618
0.57578
0.63622
0.63622
0.57587
0.98477
148.525
148.361
145.655
145.769
145.692
0.98337
0.57489
0.98381
0.9833
0.98336
0.63615
0.6359
1.12596
1.12661
1.12595
0.63558
0.6353
0.9853
1641.321
1652.187
1658
1653.66
1653.819
0.63723
0.99999
0.99991
0.99971
0.99883
0.6397
0.63877
0.63597
0.63628
0.9998
1.00001
0.57462
1.12628
0.57442
1652.447
1653.409
1653.446
1642.051
1642.251
1642.399
1641.908
0.97941
0.6312
1.11889
1640.941
1641.59
1642
1642.849
1643.47
1643.827
1644.466
1632.65
1632.849
1632.745
1630.645
1623.323
1622.839
1622.5
1620.566
1620.538
1619.379
1625.48
1625.295
0.98181
1630.218
1633.226
0.98223
0.63106
146.908
1.5517
0.8711
146.983
1.37293
1.00138
0.87134
0.87158
0.87166
0.98072
0.9814
1.12777
1.12864
1.1287
1641.121
1641.464
1.1298
1.12959
1.1315
1.13211
1.13223
1.13216
0.98288
0.98282
1.12654
1.12715
0.98292
0.98263
1.12777
0.98307
0.9829
1.13012
0.98328
1652.166
1637.456
1637.474
1637.623
1637.641
1637.83
1638.511
1638.494
0.97816
1629.395
1629.614
1631.08
1629.64
1629.29
1628.875
1629.261
1627.313
1628.042
146.809
146.806
146.823
1630.692
0.97833
1.56262
1630.389
1630.083
1630.618
1630.56
1629.687
1629.087
1629.047
0.97844
1631.365
1631.372
1635.252
1635.118
1633.526
1633.394
1633.125
1633.262
1633.189
1.12945
1.13023
1646.379
1652.166
1651.855
1651.485
1651.422
149.114
1651.282
1651.299
1651.15
1650.641
1.56176
1650.39
1.56245
1650.139
1.56286
1.56289
1.5629
1.56512
1.56524
1.56562
1.56567
1.1313
147.044
93.973
0.98544
0.62995
1652.044
1650.539
1650.092
1.56538
1.56575
1.56601
1647.653
149.114
1.56364
18.741
1651.534
1.13085
1.13235
0.99468
0.99376
0.99364
0.9938
0.99369
0.99361
0.99355
0.99316
0.99316
1.13216
1.13409
1.13124
1.13107
1653.706
1.13126
1.35242
1.35242
1.56081
1.56069
1.55491
1.56417
1.80103
1.56417
1.13178
0.99365
1.56461
0.98433
0.98391
19523.260000000002
1.36787
1.36787
0.99365
1.36768
0.99372
1.3681
1659.999
0.9857
0.98588
19486.11
19491.89
1.80023
19489.04
19487.02
19486.72
0.56362
1.13205
0.98448
1.13968
1658.483
1.14007
0.86343
0.98447
0.98444
0.98446
1.8102
1.81013
1.81084
169.876
169.952
0.86173
0.86343
0.86334
1.81513
1.8152
1.81594
1.81608
1.81894
1.81228
1.81252
1.13661
1.13658
1664.239
1664.587
1664.906
1665.035
1665.303
1665.901
1666.301
1666.763
1667.082
1665.02
1658.304
1658.469
1.12911
1.12897
1.38551
1.38574
1.38583
1.12767
1.80481
1.8078
1.80777
1660.497
1659.213
1.3858
1657.19
1657.235
1657.506
1657.584
1.12771
1.12785
1.1283
1.12911
1644.289
1644.28
1644.289
1.12786
1653.97
1653.801
1.38338
1.3834
1.38345
1.38352
1650.704
1650.701
1650.607
1.12757
1.38196
0.97398
0.97402
1.38381
1.38368
1.38298
1.38273
1650.334
1650.241
1651.707
1651.237
1648.226
1647.244
1.12338
1.12428
1.12428
0.9736
1642.077
1641.154
1640.941
1641.5
1641.811
1642.697
1642.616
1643.044
1643.246
1649.769
1648.655
1647.577
1650.634
1648.858
1651.072
0.97151
1655.874
1.34279
1.3427
1.34273
0.97819
1.13239
0.97742
0.62916
0.56345
1.13117
1.13337
1.13353
0.56368
1.13192
0.62958
0.97778
1.37467
0.63028
0.62978
0.99864
0.99851
0.97852
0.97941
0.56454
1670.368
1.1324
1.13325
1.13342
1667.225
1.13404
1.13325
19106.93
1.13424
0.97759
1665.186
1667.416
0.97932
1.13695
18425.04
1647.539
18433.08
0.9692
1645.238
1645.299
1.80392
1.80455
0.96614
1.80552
1.80556
1.80551
1649.105
1.80796
1.80778
92.213
1680
1.1144
1.11425
0.97282
0.9729
1675.696
162.76
82.453
162.675
92.21
162.672
162.661
0.8759
142.439
0.96996
1.10709
0.62723
0.56011
0.62756
0.97042
1669.165
1669.165
0.97042
0.62756
0.62774
1.10873
1.10816
0.56111
1.11833
1670.065
1.10877
1.10777
1.10817
1.10996
1.11115
0.96995
0.96998
1.10957
1.10705
1.10726
1.10727
1.10738
1.10776
1.10387
0.9669
0.96711
0.9678
1.11203
0.97323
0.97486
0.97475
0.97482
0.97478
0.96924
0.96842
0.96988
0.96974
0.96965
0.96962
1.1052
0.97119
0.97109
0.97099
1.10628
0.97089
0.97087
0.97083
1.10137
1.10179
1.09646
0.97182
0.97168
0.97155
0.97272
0.97258
0.97223
1.10032
0.97121
1.1013
1.10124
1.10131
1663.597
1.09869
1666.518
1.09661
1665.477
1.10113
1.75704
1.75695
1.75521
1.75534
1.75546
1.75555
1.75554
1.75562
1.76175
1.76094
1.76384
1.76391
1.7639
1.764
0.96995
1.76565
1.76575
1.76587
1.76592
0.97114
1.76605
1.76656
1.76149
1.7615
1.76155
1.76159
1.76431
1.76091
1.761
1.75558
1.75551
1.75544
19297.29
19284.77
1669.86
0.97101
0.97115
0.97115
0.97123
0.97122
1671.195
1669.697
1667.838
1667.824
1681.31
1676.573
1676.51
1676.077
1676.392
1674.811
1674.976
1674.775
1674.919
1675.775
1675.689
1680.391
1680.054
1679.649
1678.746
1.10753
1.10789
1.1089
1.10891
1.10884
1.10967
1.10972
1695.425
1692.925
0.97618
1.11003
1.52941
0.97318
0.97319
0.97318
0.97291
0.97289
19439.56
19406.14
19406.09
19406.05
19405.44
19473.670000000002
19464.47
0.97467
0.97467
0.976
0.97621
0.97415
1.11274
1.11314
1.11322
1.11396
1.11482
1.1155
1.12021
1.12022
1.11885
1.11928
1.11921
1.12073
1.11914
1.1186
1.11855
1.11764
1.11588
92.903
1.116
1.1162
1.11726
1.11679
1.11667
1.11621
1.11628
1.11569
0.77698
0.97957
0.97931
0.98952
0.9803
1.13163
1721.908
0.99074
1723.304
1.13438
0.87346
0.8728
1721.206
1720.966
1720.717
0.87109
0.87229
0.87262
0.87317
0.87259
0.87247
0.87256
0.87261
0.87243
0.87267
0.87305
0.87303
0.87261
0.87244
0.87202
0.87198
0.87192
0.87189
0.87182
0.87174
0.87171
0.98779
0.9855
1.12976
0.98557
0.98582
1.12752
1.12361
0.8742
1707.59
1705.699
1.12435
1.12624
1705.927
1.13307
1712.169
0.87356
0.87107
0.99248
0.99275
0.87356
0.87342
0.8734
0.87335
0.87303
0.87297
0.87311
0.8736
1704.215
0.87193
0.87184
0.87197
0.87182
0.87161
0.871
0.87197
0.8717
0.87173
0.87162
0.99227
143.336
1.75921
0.57218
0.99471
1.14166
20192.33
144.07
0.99694
1707.9
1711.9
1712.972
1712.221
1712.121
19921.23
1705.934
1706.13
1706.087
1708.124
1708.991
0.98434
1.13136
1700.063
1.518
1.51233
0.98283
1.50916
1696.73
1697.074
1699.576
1699.646
1699.735
1.50538
1.50524
1.50615
1666.31
144.722
0.56279
1662.987
0.55977
1.11153
1.74355
1.53088
0.97941
1.11522
1.11346
1.11152
1.1108
1.11526
1.1146
1.1147
1.10767
1.10277
1.11395
1.11423
1.11522
1.11454
1.11471
1.11403
1.11353
1.10956
1.11237
1.11245
1.11291
1.11151
1.11242
1.11272
1.11005
1.1098
1.10968
1.10826
1.10831
1.10797
1.10673
1.10741
1.10682
1.10577
1669.244
1665.401
1666.433
1665.862
1664.27
1.10285
1663.113
1663.184
1.10769
1.10789
1.106
1.106
0.98138
1.11718
0.98387
1.11923
0.98283
1.12133
1.12197
0.98404
1.36631
1629.552
144.407
144.406
144.408
144.406
1.07661
1.07671
1.0858
1.08571
1.08467
1.08467
1.08916
1.09037
1.0902
1.0787
1.07967
1.07986
1.07166
1.07767
1.07716
1.07719
1.07586
1.07623
1.08943
1.087
1.07725
1.07733
1.07762
19094.49
19102.91
19103.24
19103.47
19105.4
19106.29
19112.57
19094.49
19093.69
18965.33
18965.48
18965.68
18968.4
18967.89
18973.670000000002
18970.84
18972.86
18970.97
18908.24
18917.65
18922.29
1.08706
1.08695
1.08699
1.10845
1.10852
1.10845
1.10858
1.11002
1.10994
1.11004
1.10691
1.10636
1.10629
1.10332
1.10318
1.10314
1.10367
1.10356
1.10347
1672.944
159.727
159.692
159.543
159.468
159.364
159.298
159.246
159.995
159.978
159.79
160.849
1.12719
1.12686
1669.875
0.9841
1.1228
1.12277
162.649
18368.97
18352.13
18350.89
1675.458
1675.549
1675.871
1675.976
1.13758
1.13756
1.13757
1663.386
1660.474
1660.4
1667.922
1668.139
1667.346
1667.265
1666.871
1667.068
1666.973
1666.822
1.00331
1.00339
1.00338
1.00314
1.00312
1.00374
1.00382
163.551
163.573
163.394
163.39
1.00304
18443.78
18441.96
1664.332
1664.269
1663.598
18447.29
18442.07
18448.170000000002
1666.057
1665.636
1665.626
0.96473
0.96467
163.03
163.017
163.296
1.49491
1.49486
1679.683
1679.503
1679.557
1679.535
1679.546
1673.143
1673.081
1673.086
1674.142
1
1663.119
1664.134
1662.449
1661.941
1661.843
1658.824
1658.692
1658.78
1659.254
1659.058
0.99698
0.9971
0.99703
0.99721
0.99727
0.99726
0.99848
0.99826
0.99858
1655.071
1654.804
0.99603
0.99598
0.9996
0.99961
0.99878
0.99878
0.99933
1663.72
1663.769
1663.839
1.14977
1.14979
1.14978
1683.498
1681.454
1683.703
1683.821
1668.15
1668.093
1670.973
1668.147
1667.676
1669.285
1668.531
1668.222
1668.429
1665.26
1675
1687.848
1687.178
1686.484
1686.148
1681.153
1680.878
1688.712
1688.524
1686.025
1686.658
1685.965
1686.279
0.99675
0.99675
0.99675
