393279952
393551935
393171964
393042245
392823609
392629154
392015105
392411830
392489990
391928236
392117887
391799335
391949281
391412523
391788978
390970210
391437825
390934599
391154369
390498749
390597944
390934821
390389988
390301066
390412962
389739539
390294713
389682208
389800493
389287768
389223479
389084201
388197202
388915462
388879135
388545248
388668700
385068535
385106848
385260716
386481660
386814327
386857904
386672355
386459680
386444782
386080684
386163977
385504958
385594664
385266616
385137186
384722345
385091053
383988779
384125245
384322506
384691001
384338534
384653038
383400198
383689890
383680004
383429340
383546706
383336422
366551423
366694796
366853182
367421680
382031055
382137850
382240726
382595998
381952920
381701083
381554670
381633916
380444576
380481078
380716856
380995381
380324161
380122151
380307532
379432562
379485207
379913706
379161368
378943996
379154686
378814464
378675416
377520070
377926969
378288216
377468721
377104562
377371994
377084058
376919456
376854045
376661687
376706354
376569377
376503379
376390754
375635500
376259221
375510851
374655080
374818758
375318547
374452784
374498229
374317688
374177055
374255999
373654465
373703770
374008268
373114103
373167443
372884111
373015817
372787411
372547275
372152074
372205474
372052106
371927581
370741488
371221470
371506533
370561472
368523068
368614792
368768408
370408145
368373923
368310419
368351013
368119159
368195672
368061331
367842514
367630834
367501270
367429690
367393753
367172270
367304948
367080642
366907179
366763508
366216413
366347132
366104099
366236571
366072836
366108652
365922450
365639666
365814836
365798867
365556137
365672142
365379047
365547211
364586302
364639732
364792635
365334605
365225504
365296536
365057725
365154600
364953319
364810904
364655392
363730673
363803608
363947967
364173535
363835654
363306749
363723565
361716914
361970507
362296562
363084831
363098303
363145575
362729703
362828615
362586322
359291331
359446950
359620770
359972487
361531452
361367725
361033179
361121962
360815676
360903389
360758262
360230381
360667221
360067178
360215674
359982450
359897769
359782989
359632237
359478648
359339268
358995777
359137516
359291412
359162210
358604436
358740772
358764314
358703856
357873833
357916369
358480484
358421593
358102728
358274766
357860747
357641663
357454717
356842282
356924662
357060849
357166188
357086184
357021179
355955587
356055561
356452103
356665172
356279088
356353267
355396000
355461302
355818295
355137727
355177102
355172838
354626328
354840457
355151104
355027151
355004827
353592574
353974768
354405041
354549056
354424111
354331821
354288922
354105693
353993570
353659823
353475833
353599100
352964790
353292594
353557679
353416433
353367655
353312222
353070929
353103767
352330107
352420587
352512628
352630368
352007010
352046816
352288867
352158856
350764201
351025393
351102724
351474187
351398158
351724158
351362298
351254590
351108824
349506872
349656957
350130250
350773114
350136230
347626059
347691460
349344156
349426132
343060578
343278425
344547474
344916024
347326911
347338001
346631598
346736592
346458244
346010210
346139310
345545727
345740528
345973276
345423046
345138020
344940307
345046022
344770927
344517689
344442918
343948361
344223457
343281217
343720771
341496423
341726025
343090519
338042949
338262778
339189083
340298711
340910801
341283797
340761748
340338375
340600186
340062012
339235114
338945332
338587685
338673679
336617386
337063034
337588494
337794375
337484246
334743615
334779376
335711461
336418964
335490108
333611030
334496343
328959890
329919309
330306970
333401656
333141564
332832146
333062179
332139144
332496797
331779790
331843076
331643462
331689554
331441415
330372957
330709843
330180435
321206729
321583381
322050031
323713745
328430775
328680022
328943362
327815774
327982543
328251778
327395753
327522427
327076266
327271081
326035384
325897671
325746252
324790352
325037625
325363079
324418136
324579043
324179819
323749355
323910650
323617144
323001410
322332535
322125223
319568386
319747603
320430187
320702439
320447414
319949110
319718291
318045577
318209214
319581273
318717864
318946400
317236344
317461669
317971543
317694857
317496738
316976940
317130605
316145549
316233315
316686607
316724877
316593773
316428563
316173714
315360926
315403969
316094145
315127148
314801899
314919278
315117603
313652935
314722465
313021590
313415871
313755479
310495848
311341001
312382792
312423350
302579145
302726115
303397237
303943347
308046833
308308824
309228900
309688311
309373546
307104058
307020935
306776318
306061620
306256265
305663965
306014731
305483795
304805653
304310923
304672635
303951224
304275165
303812423
303731573
303495137
303040443
302708330
302334206
302609681
301293817
301528981
302552678
301874666
302136020
300978471
300719427
300952437
300189063
300924103
300464117
300508229
300302221
300274401
300194924
299671145
300159702
300130518
299010110
299333089
299619002
299988666
299401434
298068349
298228181
298525879
298754315
298902779
298587103
298412125
297419416
297891870
297200457
297077536
296951697
297343218
295810832
296262028
296908384
296358140
296239866
295044141
295541904
295304893
295960327
288198556
288000993
288497054
288738909
294288085
294862720
294940289
293106020
293297057
293159912
294064292
292974513
292860797
292681839
292551709
292614821
291903281
291471220
291658567
291329370
291020899
290611011
290012379
290230859
290451470
289957769
289863518
289730314
289810446
289384884
289472283
289628884
289057470
288814069
288939198
288736376
288306455
288259558
288015409
287952684
287641293
287437885
287495631
286811570
286534966
286522383
287161033
280773992
280378335
280178492
281354447
287170015
287353601
286596036
286484957
286642804
286808393
286801586
286477146
286520885
285909499
285260582
285513639
285064774
285237860
284709319
284999447
283833823
283973863
284126107
283774063
283620363
282750940
282944891
283416900
280624866
275847276
275704048
275455569
275250872
275124626
281657782
282749569
282166381
282239197
282513812
281999309
281705230
281573385
281562145
281462525
281396573
281234533
281311278
280929087
280797107
280676797
280697709
280506052
279918704
280564738
280372080
279974133
280162186
279705412
279294492
279805911
279857236
279115447
279322834
279759199
279690105
279353647
279155668
279136778
279039013
278849986
278967232
277458603
278856437
278693088
278275982
278376111
278575007
278462151
278094041
277368724
277450451
278082958
277657237
277235301
277282473
277221506
277115792
276725972
277179176
276759673
276610707
276318348
276198346
276282947
276493486
276056385
275905825
275107655
275485981
276002789
275856412
275821697
275716637
275542109
275636041
275672155
275496703
275586146
275465423
274632182
274986797
274756115
275095582
274796542
275012055
275074528
275015129
273713903
273815402
273902824
274859025
274808935
274658314
274577271
274471108
274046728
273914768
274261149
274448688
274304842
274427370
274577429
273805930
274236520
274130260
274181695
274072464
274021565
273947012
273903791
273860251
273666895
273474535
273713856
272841596
273725463
273709528
273558516
273205994
273474660
273593254
273109908
273221729
272989498
273137271
273022777
273123958
272977169
272985949
271811879
271306719
271209941
272141950
272792571
272918605
272883448
272794422
272789380
272776713
272093601
272503174
272521012
272691800
272521096
272625035
272166517
272416845
272285000
272046220
272215178
272102224
272046149
272012813
271937802
271838339
271849641
271834285
271502218
271603513
271812006
271782049
271674143
271444059
271451318
271591340
271240597
271346333
271438225
271092934
271253961
270651918
270773526
270958916
271104172
271201122
271104239
271089787
270403648
270222010
270677009
271077962
271010324
271001163
270565587
270850973
270820891
270533269
270677064
270426535
270493847
268323816
270230779
269321581
268456880
270404023
270287982
270222002
269879181
270060235
269214856
269666621
270008261
270170134
270092607
266257284
265950053
267387929
268806820
268397869
269327560
269112192
268862433
268706003
268472442
268718197
268404306
267573076
268262059
267685323
265512644
265853967
266074915
267624341
267392563
266158870
266457065
267038761
266440661
266856234
266181034
265953050
265940625
266046235
265839158
265177232
265338450
265389089
265617072
265698185
265266659
265065649
264825045
264972444
264914352
264439997
263867316
264912862
264815468
263684736
264100186
264819227
264804835
264314546
264132772
262149206
262672384
262150927
263027195
263098125
263396842
263165744
262982461
261147193
261060036
262071962
262594770
259834587
259961234
260619761
261197625
261367442
261599986
262061451
261367175
261564591
261189407
260896682
260961390
261144349
260605034
260903268
259904104
260223615
260064437
260247853
260348196
260166814
260462883
260097263
259295320
258746487
258627897
259807852
258719159
259158727
259766768
258973122
260014653
259615225
259566280
259187000
259255030
259122018
258800661
258854952
257150111
258120874
258669885
258574523
258519774
257862964
258548658
257809378
257897296
258434687
258053632
257069491
257631022
257301431
257653540
257557614
257159241
257521838
257179255
256752186
257123779
256962732
256138134
256432827
255682628
256577289
256403806
256511542
256670316
256429577
255521502
255278911
255363542
255938661
256195865
256016109
255478555
254282140
254991541
254658341
255310514
255569870
255543555
252618292
253038339
254626815
255192605
253383804
255099102
255184369
254635839
254612085
254073455
253715302
253893780
254369951
251551113
251681513
250911364
252242768
253463378
253964675
252627652
253263543
253031212
251960929
252398825
252535656
252326249
252119601
251812092
251563153
252119540
251721372
251445018
251480304
251534347
251374380
250303883
250461496
250887641
250896030
251378379
251192471
251229866
250870901
250471775
250469035
250473305
250259748
249545978
249860779
250435700
248916823
248813278
249772236
249984238
250372361
249986407
249125654
249179812
249791376
248937503
248920598
249084831
248906590
248608598
248658186
248703320
247957119
248285620
248573824
247931834
248399444
248644994
248449933
248456444
247523470
246824056
247143602
247915700
247274121
247435007
247630695
246221463
246326746
246610411
247038024
247203475
246643614
246615796
247149413
246710676
246653796
246039705
245719429
246503614
246371990
246232624
246337893
245348655
245555294
246224870
245729383
245993902
246107268
245758683
245313735
245748902
245663920
244931740
244994157
245524354
244911825
245069571
245351180
245313457
245107021
244987571
244921688
243508923
243767363
244926768
244835032
244329393
244045744
244885584
244336198
244461653
244723161
243696782
243601944
243957993
244001293
243982507
243689068
243485326
243295608
243861001
243840280
243712859
243479736
243435123
243259649
243230843
243081574
