48
676
-30
0
211
143
129
-40
555
-29
-57
-68
476
70
72
-11
-73
363
-98
147
11
-63
-86
-38
0
89
-94
-62
255
-98
-54
-91
-43
93
-14
-95
0
196
91
0
0
0
0
157
-17
165
689
-90
-36
106
-13
0
21
200
-8
-93
-57
-99
78
-96
-93
0
333
45
-99
7
-11
-97
56
58
129
-24
0
-14
-63
0
-30
-99
1588
-11
-4
33
-12
-99
-95
0
61
-12
50
95
66
19
1090
102
-95
47115
1316370
-48
457238
12
40
-99
107
4595130
65412
0
316
14497300
558
562
22
302
37
-67
-86
-99
4951780
-95
5
-96
329
-34
-11
-99
-47
-21
-29
34
75
16
0
85
141
-95
150
-58
-88
-99
-91
-36
5
-54
144
-12
-99
-99
21
-99
-98
-99
-2
0
6
-94
-99
-79
70
-98
-35
78
73
-36
8
-5
149
0
37
-38
-53
261
-85
-99
-97
1
-79
17
34
-95
0
-82
-99
-99
-12
868
-90
-99
-57
127
-57
16
-98
237
-18
-83
3535
-2
53
-94
0
-40
-96
-72
-63
-23
195
44
14
-31
85
-99
-87
54
-81
9
-95
6
-98
10
-3
-4
-99
-99
121
-99
-63
87
106
-99
-38
-93
199
12
-50
264
9
0
51
-99
-96
-81
2
-12
-52
27
-38
0
-89
-81
-76
10
-93
0
0
26
-93
-99
-74
-8
-54
11
-30
2954
50
-51
-33
180
235
5
120
42
-74
63
-47
0
-65
-96
-3
-88
-83
2352
169
14
1
5
-76
-99
179
-10
-71
183
118
-54
66
51
-99
-90
-67
35
-94
115
185
72
59
26
78
5
92
293
-22
62
-8
-41
13
0
-99
-99
13
-87
-12
3
-79
-99
608
174
-2
-79
-80
-49
-25
-25
-15
-52
-21
-95
-91
4
204
135
769
-33
-83
899
1
-31
-81
-75
27
-28
16
11
-99
5
-69
34
101
-78
83
-34
255
-91
87
1
1
1
1
-35
15
-58
-67
1
-47
79
69
-40
136
38
-93
2
-16
64
40
114
315
4
-5
29
22
54
-81
243
62
3403
-67
43
-99
80
-34
-88
858
0
84
4
151
18
51
47
-26
-71
42
-33
57
-38
-65
-93
-22
-10
854
-68
-14
64
-10
62
1031
-97
387
-99
-7
-93
-41
85
193
0
-86
-94
10
492
53
-67
-50
62
733
-45
1
-93
746
-52
17
-25
-99
69
94
-8
-23
17
759
2870
7
3825
-98
158
-92
-91
25
-92
-46
0
10906
-37
208
-63
80
142
46
176
129
-61
-78
66
-90
-41
18
-30
-21
-90
0
-18
2711
41
8
-27
0
-95
-55
85
-59
-82
199
-96
51
-75
-79
67
-27
6
28
25
185
327
332
6
27
89
-99
47
3870
324
22
11
20
-99
-99
-58
-74
-50
54
220
75
171
1390
-34
88
-54
58
45
-3
394
0
3719
177
79
531
-38
27
-97
55
-75
72
-32
66
-25
-7
263
471
14
-6
103
-69
46
168
91
992
125
-94
1097
0
-50
-6
2
16
-99
33
-53
-9
-83
-13
74
64
110
850
4352
132
-97
-22
107
32
151
390
567
-84
13
581
1132
2
21
639
509
1244
177
46
95
7
619
28
-63
-32
-78
174
33
113
-57
-96
777
26
36
-59
231
74
-98
60
-25
51
0
-73
-42
102
-43
-95
1543
48
2
37
18
187
-93
-92
-64
34
33
8741
114
-66
30
1555
96
38
-90
8
1329
4379
3278
7423
2307
7228
0
8
7
-13
11
44
-98
2541
5303
-9
5436
2165
14249
8244
-14
-99
4104
4341
4272
-96
-2
-65
2888
2050
9054
499
104
20
173
57
23
-68
-77
2005
-30
65
-7
2669
24
148
26
44
-99
6
-66
42
18
149
-99
69
233
-95
7
99
22
-1
0
-91
-23
-91
76
143
384
1281
37
439
2837
211
13
25
25
-23
-80
-10
328
-98
127
56
-99
-99
-51
-6
-33
15
-57
197
-87
38
-34
-7
1476
-75
15
116
-61
-85
25
-28
89
29
59
-4
-28
21
-2
27284
9734
16050
55
0
34
24
-99
25
-73
-23
-85
9
71
86
12
5
45
199
66
-13
-91
1444
-79
-99
0
-67
56
47
-59
18
96
88
-3
228
-18
133
-10
52
10083
-99
-99
-98
-71
-6
9
67
119
75
-71
-39
-36
-29
-16
-24
29
17
-17
-3
-10
-3
33
-7
65
68
8
3
-98
-55
154
-14
75
29
889
-32
3002
-8
1
-84
137
-8
-20
59
137
-79
56
47
74
220
131
-44
82
-53
-91
-38
58
27
56
350
176
66
121
-19
0
3
7
119
99
-41
16
283
3
-53
-85
433
115
13
22
-31
252
-99
-83
-77
91
0
22
-10
-98
32
158
-29
56
-44
-1
20
2395
-60
107
108
-25
-3
-18
21
164
-79
139
-94
-93
8
71
88
-82
12
185
86
-99
168
6
23
7
-36
138
-28
34
724
315
152
67
-30
-39
-6
-76
-91
-90
11
5
94
20
52
16
158
40
260
4
299
3
21
200
11
-97
221
-15
17
27
-72
-88
99
25
-36
-65
-91
319
153
10
106
18
-23
43
43
51
-49
-32
34
825
-31
-42
-20
35
-5
3
46
58
28
-93
8
5
-21
89
18
217
608
93
30
46
-72
-15
-38
-1
4
32
83
-1
12
-23
43
27
219
-58
-74
-84
23
-99
-9
27
-41
21
-7
11
66
-33
-84
17
43
170
-85
44
9
18
74
4
122
34
-17
155
8
66
31
54
690
-30
-53
-79
13
3
34
-97
-96
-17
609
125
50
8
-12
93
50
2
20
17
-4
90
339
6
528
531
533
533
532
199
483
483
483
484
351
-99
-24
-63
-25
34
-94
61
19
20
-50
17
38
1
53
-45
-94
63
225
30
24
10
28
447
15
-92
-89
46
44
-14
500
-84
-75
14
31
49
-16
-25
-6
4
21
-18
-26
-8
-8
9
103
22
20
63
-3
-22
-96
87
-7
290
3038
-99
618
-89
21
308
-33
62
-58
-64
69
-1
-10
-31
-23
-57
14
-42
-90
12
-13
8
-3
107
9
0
7
219
112
-91
15
-62
-81
-20
43
129
-51
12
36
425
13
40
84
-35
70
7
64
-65
-2
-33
139
39
-91
-44
115
40
69
39
335
25
-80
17
2
-43
-3
-2
81
-83
27
-8
86
9
123
62
-99
-53
31
18
113
612
-16
76
10
-21
79
6
6
221
14
14
-3
2
107
12
168
53
-43
38
27
11
26
-46
-9
28
-83
89
36
-55
4
0
-65
19
112
-32
-41
-99
-39
158
4
-45
-20
41
-80
-70
-23
-76
9
-79
-1
-10
62
16
-60
17
4
70
54
-30
47
44
-15
134
16
-82
0
79
287
-46
67
-11
-19
17
58
21
27
46
241
19
15
-14
-98
-34
524
-82
-58
-17
41
18
96
-31
-20
430
-6
23
47
0
0
14
-33
18
-82
-10
370
-90
0
-7
1
8
45
0
-6
-21
224
19
83
413
-4
-36
85
184
-32
12
45
90
12
1
34
255
8
-66
8
-3
14
174
87
102
-97
-63
-1
-3
126
-43
-8
8
-2
-72
-92
-33
0
37
476
-23
-22
10
11
6767
1261
157
-1
11
93
-20
0
6
131
-2
0
-38
-64
8
3
42
-52
75
7
21
24
-28
