3.72
26.34
10.17
12.09
12.93
18.09
-24.6
-25.92
80.85
-4.53
34.8
3.99
26.1
2.85
27.48
0.08
30.72
2.2
28.08
-12.26
-12.12
44.2
13.08
-1.06
21.4
2
18.28
-6.76
26.84
8.06
7.88
14.14
-13.84
33.52
6.1
-0.58
20.84
-47.56
-54.36
-50
174.88
-5.6
26.12
10.46
6.52
8.08
3.08
19.28
-2.24
23.08
13.54
13.32
-6.76
26.92
-16.62
-16.8
53
7.36
1.62
19.08
-0.32
20.4
14.34
-7.54
28.08
10.12
-39.3
-52.84
-46.7
162.08
-41.7
-69.6
-54.3
188.64
15.82
7.34
0.96
19
-32.98
-50.96
-51.8
161.28
10.34
2.42
17.64
-25.26
-7.8
54
8.16
-1.18
21.56
11.54
8.94
-50.38
-2.36
71.7
6.14
1.36
18.44
17.44
12.44
10.96
2.16
18
15.04
13.82
6.52
1.34
19.24
11.6
-30.46
-44.6
95
0.62
19.64
9.66
0.88
19.4
-13.96
-10.56
44.6
0.7
19.36
-1.08
21.24
17.86
9.02
1.54
18.64
7.78
10.36
-18.18
-21.24
62.5
8
-36.66
-48.16
-44.4
148.96
9.78
-1.08
21
0.62
19.72
7.36
7
6.3
13.86
7.54
10.92
1.46
18.56
14.88
10.34
7.82
2.66
17.56
2.14
17.72
-0.48
26.48
6.74
1.42
18.64
9.26
-2.86
23.04
-13.48
33.68
-29.92
-22.88
73.9
6.78
-0.38
20.68
1.26
18.52
9.9
8.58
9.66
2.46
18.28
0.5
19.36
8.06
-5.1
25.12
-48
-65.36
-51.9
186.88
0.94
19.08
-2.18
22.32
7.64
-50.3
-54.84
-70.1
196.32
6.08
10.64
-0.36
20.44
0.12
19.88
6.98
-3.6
23.2
0.38
19.92
11.46
13.12
6.92
7.18
15.28
6.24
-16.46
-19.44
56
11.64
-4.96
28.72
8.12
17.42
-12.06
-10.88
43
6.48
1.8
18.28
8.54
15.86
8.62
-17.28
-22.16
60.6
7.18
10.02
6.26
-3.12
23.44
0.64
19.44
0.18
19.76
-12
-11.04
43.2
-4.1
24.08
13.26
-22.88
-30.4
73.9
6.9
6.14
-47.58
-37.6
106.2
9.46
8.14
23.52
6.86
9.94
7.86
8.84
9.06
38.12
-22.2
-16.68
59.4
6.96
12.62
8.52
0.1
20
0.4
19.64
2.82
18.64
-18.16
-11.04
49.5
7.62
-37.48
-59.84
-80.6
204.48
1.88
18.92
11.26
13.88
9.68
-38.62
-57.76
-48.1
165.44
29.5
-13.98
-7.96
45.1
8.16
-52.4
-56.52
-54.7
185.76
2.08
17.96
-0.94
20.88
8.74
-3.36
23.4
-17.66
-9.96
48
8.14
7.86
2.96
18.52
17.86
19.48
8.64
1.1
19.12
2.62
17.48
-20.34
-7.64
48
-40.52
-57.12
-38.2
156.96
2.5
17.52
8.98
0.86
19.16
19.78
6.56
6.56
0.7
19.4
-16.04
-11.24
48
9.84
6.6
-18.42
-22.12
60.6
6.84
6.7
-2.28
19.64
-53.84
-86.04
-18.3
189.12
6.72
2.64
17.6
2.24
17.64
1.14
19.12
2.4
18
7.34
-1.88
21.64
8.72
-46.72
-69.4
-63.1
176.48
-13.66
-8.8
45.2
-10.48
-9
42.7
2.04
18.76
2.02
19.28
10.76
6.9
13.14
-13.64
-10.16
47.7
2.6
17.8
13.66
0.08
21.28
6.32
15
9.5
7.06
-16.48
-12.84
60.1
9.36
7.98
14.34
6.52
-14.7
-12.16
45.8
1.4
19.48
-23.12
-31.28
79
10.84
20.86
1.1
19.56
-23.5
-21.24
66.6
7.98
6.74
10.94
13.18
-15.34
-12.64
48.2
16.34
-11.94
-10.36
42.3
2.22
19.68
-19.1
-9.32
48.9
-12.16
-9.16
48.6
10.1
-38.26
-64.52
-65
174.72
-31.58
-36.88
-8.5
108
0.82
9.86
6.14
8.14
0.92
21.24
-3.76
24.08
10.74
9.4
-2.92
24.12
1.6
18.64
10.96
7.96
22.04
13.38
7.28
-0.36
21.28
-19.54
-14.76
52.1
2.8
17.92
21.96
0.22
10.32
-37.62
64.8
-6.96
7.28
22.66
9.94
7.96
3.58
18.88
6.76
-29.86
-35.56
-10.4
99.36
9.64
-12.9
-12.68
44
0.68
20.08
6.54
6.58
-0.76
22.84
16.96
2.46
1.46
19.08
-18.9
-12.24
50.7
8.58
8.1
-25.16
-7.3
-36.52
95.52
-41.48
-45.9
-14.2
101.12
-13.14
-10.88
45.9
-30.78
-5.3
-30.92
96
7.56
7.5
6.94
1.36
19.4
56.9
-9.12
-3.32
15.86
8.4
7.76
-13.74
-13.2
49.6
6.04
6.32
2.66
17.4
-20.88
-17.52
60.8
19.52
2.08
18.04
7.74
25.44
6.32
17.06
20.68
-0.52
8.52
-3.75
-42.57
19.83
19.23
94.2
-300.2
-190.76
-106.84
-364
6.68
0.45
0.69
2.18
18.72
0.75
0.27
1.29
0.42
6.62
2.88
17.76
1.92
18.76
2.16
17.28
-13.38
-9.04
43.5
8.06
9.12
-15.34
-8.32
47.4
-425.13
-651.04
-391.8
-277.49
-123.05
-65.27
-23.97
39.1
-17.54
-21
60.9
10.68
19.68
1.24
17.76
23.9
7.16
7.92
209.89
12.19
9.76
4.52
10.26
12.4
1.04
9.1
9.06
-3.38
24.2
-15.68
-16.16
50.5
10.62
1.45
8.68
9.66
9.24
19.2
1.72
24.36
-4.16
0.8
20.6
3.72
20.64
-0.58
-19.6
-15.8
59.7
6.46
52.2
-18.6
-14.32
8.42
22
7.68
8.37
1.82
11.46
-10.98
45
-9.04
3.82
7.14
-14.5
-14.76
54.5
3.88
46.6
-15.18
-8.72
6.38
5.19
6.84
4.95
1.76
19.84
4.87
1.57
8.45
8.42
-31.3
-4.6
-32.32
96.64
-3.51
13.77
5.21
6.7
-15.6
-11.68
45.8
4.51
9.24
0.86
7.22
0.71
-20.22
-16.85
2.91
45.58
-21.76
-9.12
52.2
3.91
12.32
1.14
19.04
8.7
10.48
10.14
7.06
6.78
10.38
-22.41
8.29
-26.31
54.91
4.31
5.24
-19.44
-8.44
48.4
8.54
16.14
-6.08
7.08
-10.16
30.04
20.04
3.8
-70.17
-61.11
-33.49
12.86
163.49
9.8
10.5
6.9
5.23
96.9
-50.06
-19.48
7.14
12.2
2.46
17.8
6.24
8.94
6.58
-3.66
23.76
3.74
3.58
4.09
4.72
11.8
3.92
4.09
-28.32
-24.44
76.2
7.76
5.47
12.34
1.26
9.09
-13.98
-12.84
47.6
-3.28
13.31
-36.82
-60.6
-4.2
121.92
7.76
3.72
3.77
-19.26
-15.09
-13.43
67.11
6.03
11.94
4.87
15.08
7.42
1.16
20.96
2.96
20.36
-13.68
45.72
-3
-15.98
7.84
8.86
8.1
1.16
8.94
-32.46
-38.36
-24.6
117.76
9.58
-62.68
-38.22
-69.1
315.6
5.28
3.52
4.8
13.48
9.02
0.99
6.6
13.62
-0.3
10.74
6.14
-9.73
-13.92
-3.92
45.84
7.54
1.67
8.67
6.58
1.78
16.72
5.94
7.55
1.78
17.84
6.68
-1.74
11.61
-9.4
0.41
11.8
11.46
1.1
0.17
10.51
2.91
9.41
0.44
10.8
-0.17
-10.63
-7.98
27.55
4.22
11.06
-0.22
-1.21
20.96
1.21
11.1
-0.21
10.04
8.18
0.44
-4.44
-5.77
19.98
3.98
-15.9
-24.84
-14.95
45.52
2.23
10.86
5.71
2.02
8.63
3.22
1.92
8.41
3.71
4.73
3.96
-4.73
20.02
-4.71
2.01
8.57
1.51
10.56
3.71
0.3
-16.52
-11.25
61.6
-13.11
-28.88
-6.37
-21.68
83.6
4.49
4.74
3.63
5.6
11.16
-1.5
3.89
-8.73
-4.67
23.7
13.56
-3.32
2.95
5.18
-1.19
9.78
10
1.57
-8.52
35.7
-10.74
3.71
9.16
1.1
7.44
3.69
-3.98
17.96
-2.68
0.41
9.79
-6.57
27.4
-2.34
3.29
8.54
1.58
21.5
-7.85
-6.32
1.21
11.55
10.31
-0.25
-14.72
-29.09
-23.89
1.86
79.53
3.24
-21.29
-31.8
13.84
140.4
-45.9
7.28
3.55
3.32
10.01
7.09
-5.85
-5.39
21.65
-16.37
-4.35
-10.91
40.86
0.17
9.56
5.67
5.46
3.15
-11.22
-6.92
24.7
9.66
4.15
-5.96
-7.36
27.85
4.07
-0.91
9.72
5.27
4.11
-5.65
-4.49
14.92
-7.11
21.35
-3.12
3.65
10.12
1.95
4.29
8.22
1.1
-5.65
-5.3
24.4
-24.84
-15.32
-25.85
-2.37
81.88
4.12
0.29
8.16
5.61
5.14
1.75
10.6
9.72
-0.26
1.54
8.55
-7.81
-5.9
30.25
-4.42
-3.07
18.11
3.74
5.8
7.84
0.58
-6.51
19.21
-2.2
3.63
3.72
-14.61
-14.22
-3.05
59.12
4.6
-6.06
-5.79
22.19
4.31
3.15
-3.39
-4.34
17.97
4.19
3.58
5.59
-13.31
-19.98
57.92
-17.5
1.35
8.88
10.82
1.73
8.51
3.37
-5.59
-2.52
18.32
-9.56
-10.26
33.35
5.9
3.15
3.88
5.2
-8.1
-3.76
23.33
3.75
-7.12
-8.58
23.65
4.99
-0.58
10.65
8.56
1.74
1.41
10.3
4.94
-2.15
-17.76
-15.05
51.04
3.3
3.04
8.03
5.21
9.8
-0.58
6.51
