0
0
0
0
0
0
0
0
0
0
0
0
0
0
0
0
0
0
0
0
0
0
0
0
0
0
0
0
0
0
0
0
0
0
0
0
0
0
0
0
0
0
0
0
0
0
0
0
0
0
0
0
0
0
0
0
0
0
0
0
0
0
0
0
0
0
0
0
0
0
0
0
0
0
0
0
0
0
0
0
0
0
0
0
0
0
0
0
0
0
0
0
0
0
0
0
0
0
0
0
0
0
0
0
0
0
0
0
0
0
0
0
0
0
0
0
0
0
0
0
0
0
0
0
0
0
0
0
0
0
0
0
0
0
0
0
0
0
0
0
0
0
0
0
0
0
0
0
0
0
0
0
0
0
0
0
0
0
0
0
0
0
0
0
0
0
0
0
0
0
0
0
0
0
0
0
0
0
0
0
0
0
0
0
0
0
0
0
0
0
0
0
0
0
0
0
0
0
0
0
0
0
0
0
0
0
0
0
0
0
0
0
0
0
0
0
0
0
0
0
0
0
0
0
0
0
0
0
0
0
0
0
0
0
0
0
0
0
0
0
0
0
0
0
0
0
0
0
0
0
0
0
0
0
0
0
0
0
0
0
0
0
0
0
0
0
0
0
0
0
0
0
0
0
0
0
0
0
0
0
0
0
0
0
0
0
0
0
0
0
0
0
0
0
0
0
0
0
0
0
0
0
0
0
0
0
0
0
0
0
0
0
0
0
0
0
0
0
0
0
0
0
0
0
0
0
0
0
0
0
0
0
0
0
0
0
0
0
0
0
0
0
0
0
0
0
0
0
0
0
0
0
0
0
0
0
0
-2.2300000000000004
-2.96
-5.330000000000001
0
0
0
0
0
0
0
0
0.02
0.04
0.09000000000000001
0.17999999999999997
0.28
0.02
1.620000000000001
3.040000000000002
7.409999999999993
9.780000000000003
-0.48000000000000004
-0.63
0
-0.48000000000000004
-0.79
-0.39
-0.24
-0.32
-0.32
-0.47
-0.64
-0.08
-0.08
-0.8
-0.95
-1.5499999999999998
-0.16
-0.16
-0.08
-0.32
-0.47
-0.08
-0.4
-0.24
-0.08
-1.6800000000000004
-2.8600000000000003
-5.439999999999999
0.04
0.08
0.06
0.02
0.26
0.55
0.39
-0.32
-0.48
-0.8
-1.12
-1.99
0.02
0.02
0.09000000000000001
0.15
-0.32
-0.48
-0.8
0.02
0
0.02
0.02
0.11000000000000001
0.25
0
-0.48
0.11000000000000001
0.1
0.13
-0.96
-0.64
0.20999999999999996
0.44999999999999996
0.91
-1.3800000000000001
-2.08
-2.7899999999999996
0.11000000000000001
1.4400000000000008
2.9799999999999995
7.2200000000000015
10.490000000000004
-1.47
-2.34
-4.0600000000000005
-3.88
0
-0.6099999999999999
-0.09
-0.09
-0.61
-1
-0.18
0
-0.25
-0.36
-0.43
-0.49
-0.18
0
-0.25
0
-0.08
-0.16
-0.31
-0.16
-0.16
0.26
0.33999999999999997
0
-0.39
-0.16
-1.26
-0.7099999999999999
0.04
0.11
0
0.08
-0.08
-0.23
0
0
0.08
0
-0.08
-0.71
-0.94
-1.14
-0.61
0.07
0.23
0.42
0.97
-0.08
0
-0.08
-0.08
-0.63
-0.78
0.44
0.24
-0.39
-0.16
0.21
0.3
0.11
-0.39
-0.08
-0.79
-2.71
-1.26
-1.24
2.64
1.27
6.6
10.52
-0.55
-0.46
0
-0.86
-3.86
-1.72
-1.84
-0.08
0
-0.08
-0.08
-0.16
-2.32
-0.86
-1.56
-0.08
-0.16
-0.31
-0.48
-0.32
-0.4
0
0
0
0
-0.16
-0.32
-0.4
-0.32
-0.16
-0.16
0
-0.4
0
-0.16
0
0.02
-0.4
0
0.06
-0.48
-0.48
-1.2
2.54
1.1
0.54
3.95
-0.16
0
-0.24
-0.4
-0.32
0
0
-0.36
0
-0.16
-0.35
-0.28
-0.07
0
-0.07
0
-0.42
-0.69
-0.7
0
-0.07
-0.49
-0.83
-0.35
-3
-9.03
-5.27
-3.35
-1.4
-0.71
-0.32
0
-0.35
-0.28
-0.35
-0.07
-0.28
-0.21
0
0
0
-0.07
-0.19
-0.02
-0.14
-0.02
-0.07
-0.21
-0.08
-0.03
-0.07
-0.42
-0.28
0.12
0.11
0.25
-0.07
-0.07
-0.04
0
-0.07
-0.28
-0.42
0.02
0.01
-0.14
-0.14
-0.13
0.04
0.03
-0.42
-0.83
-1.38
0.04
0.15
0.09
0.16
-0.07
-0.21
-0.29
0
-0.01
0.01
-0.74
0
-1.48
-0.04
0.07
-0.89
-1.48
-1.46
-0.04
0.18
0.1
0.17
-0.15
-0.02
-0.3
-0.01
-0.59
-0.88
0
-0.01
0
0
-1.15
-2.19
-1.78
-2.34
-0.04
-0.03
0
0.01
0.2
0.37
1.03
0
0
-0.02
-0.01
-0.01
-0.09
-0.06
-0.14
-0.11
-0.26
-0.51
0
-0.05
-0.26
0
0
-0.26
0
0
0
-0.04
-0.26
-0.06
-0.07
-0.08
0
-0.01
0
0.04
0.04
0
-0.52
-0.02
-0.03
0
0.02
0
0
0
-0.46
-0.35
-0.2
-0.4
-0.17
0
0
0
-0.04
-3.81
-1.07
-1.82
-0.01
0
0.07
0
-0.01
0
0
0.07
0
0
0
0
0
0.07
0
0
-0.43
-0.85
0
0
0
0.28
-0.02
-0.01
-0.31
-0.29
-0.71
0
0.01
0.6
0.6
1
0.8
0
0
0
0.08
0.02
0.16
0
-0.03
-0.16
-0.13
0
-0.16
-0.62
-0.92
-0.16
0
-0.57
-0.34
-1.08
-1.01
0
0
0
0.02
0.01
1.1
1.2
0.5
0
0
-17.44
-9.32
-28.47
-39.42
-26.03
0
0.02
0.3
0.02
0.01
0.4
0.2
0.02
0.02
1
-1.12
-1.6
-3.82
-1.59
0.3
0.05
0.13
0.6
0.8
0.8
0.3
0
0.2
0.2
0.1
0.06
0.18
0.6
-0.54
1
-1.43
-1.08
-0.26
-0.4
0.4
0.12
0.04
-0.36
-0.18
1
1.3
0
-0.09
-0.43
-0.38
-3.67
-5.97
-1.09
-1.15
0.04
0.14
0.8
0.6
-0.06
-0.07
0.42
0.2
1.9
3.73
6.72
7.94
-1.12
-1.8
-0.07
-0.25
-0.34
-0.2
-0.13
-0.19
0
-0.4
0
-0.15
-0.12
-0.27
-0.21
-0.34
-0.71
-0.76
-0.02
-6.74
-4.07
-2.17
-4.44
-0.46
-1.47
-0.5
-0.78
0
-0.03
0.08
-0.04
0.23
0.1
0.3
-0.03
-0.16
-0.08
-0.04
0.2
0.1
-0.24
-0.1
0.55
1
-0.59
-0.7
-1.3
-2.98
-2.18
0.05
-0.08
-0.16
0.05
0.25
-0.12
0
-0.08
-0.1
-0.08
-1.94
-3.48
-2.18
0.4
-0.04
-0.06
3
0.7
1.3
-0.21
-0.2
-0.01
-0.04
-0.52
-1.08
-0.55
-0.76
-0.35
-0.11
-3.93
-6.69
-10.54
-8.23
-14.09
-0.03
0.15
0.35
-0.05
0.41
-0.12
-0.14
-0.03
0.03
0.43
-0.2
0.62
0.41
0.11
-0.13
0.21
0.1
0.77
0.88
1.9
-0.27
-0.04
-1.66
-1.13
-1.62
-0.06
0.39
0.84
-0.02
-0.36
-0.13
-0.13
-0.2
0.44
0.72
0.47
-0.09
-0.9
-0.81
-0.08
0.36
0.34
-1.26
-1.98
0
-0.71
-0.44
-0.81
-0.72
-0.56
-0.03
0.49
1.01
-0.02
-0.09
-0.99
-1.26
0.31
0.24
-0.04
-0.03
-1.45
-1.87
-2.73
-0.26
-0.2
-0.14
-0.02
0.12
0.92
0.72
-0.15
-0.17
-0.15
-0.12
-0.48
-1.88
-3.14
-6.38
-5.83
-0.06
-0.2
-0.14
0
-0.04
0.11
-0.08
-0.1
-0.04
0.09
-0.06
0
0.46
0.81
0.93
1.92
-0.08
-0.11
-0.36
-0.16
-0.06
-0.27
-0.08
-0.09
-0.04
-0.9
-1.44
-1.35
0
0.17
-0.1
0.06
-0.44
-0.6
-0.07
0
1.43
0.86
0
-0.99
-0.04
-0.01
-0.12
-0.11
-0.57
-1.11
0.19
-1.84
-1.69
-1.08
-1.46
0.06
0.12
0.31
-0.02
0.65
0.31
-0.48
