2711
167
54
1351
1714
2499
340
2360
1814
6307
1226
552
251
1399
317
58
255
394
339
1139
638
1188
187
1147
57
3
538
18
1302
79
677
1266
75
572
227
320
307
52
196
314
57
5503
423
16
82
176
199
859
1234
2544
512
117
161
39
191
213
64
292
898
273
89
596
98
54
302
63
108
511
41
185
112
160
210
478
55
32
51
99
5443
25
207
154
115
38
30
2630
386
311
132
222
14
1524
45
590
441
1454
343
140
1747
43
22
503
130
428
403
63
222
119
268
732
200
84
108
6
78
2863
65
387
386
340
3563
515
274
175
73
462
82
477
183
813
194
38
64
55
1762
1934
160
334
10
61
103
1327
58
7
8
34
404
1447
141
1103
132
16
44
59
195
187
1852
146
58
114
1128
212
218
31
36
47
117
367
3186
14
74
68
145
82
25
97
24
151
327
812
1739
263
242
55
70
267
367
78
73
37
49
298
200
99
24
266
199
52
112
15
249
138
1643
12
73
95
176
14
264
1912
251
1654
222
248
1034
78
537
515
1004
34
63
11
1506
2787
2782
61
146
194
243
24
1640
24
75
47
26
224
1057
167
201
55
54
1613
48
16
5
149
874
275
1347
5718
903
10
49
11
598
37
10
421
167
780
915
232
422
215
24
1396
599
25
512
448
118
130
3308
69
75
4650
18
213
71
157
1319
188
1029
297
266
63
771
810
51
1018
363
19
2031
312
67
1022
322
52
102
85
581
186
358
13742
1676
898
320
58
48
42
1207
86
76
376
111
25
58
299
174
57
219
20
24
169
1065
72
491
21
217
1542
236
4
622
1527
32
2651
299
151
65
486
3709
74
252
53
5838
287
41
223
303
1238
199
14220
30
24
281
575
288
121
5
1136
225
168
91
132
50
35
158
107
179
40
51
75
553
46
383
186
130
21
6
11
202
4
146
87
176
147
378
2434
660
57
260
481
1815
129
79
935
56
456
1158
17347
245
17
236
501
292
50
53
10
1341
71
302
67
685
129
6744
187
79
582
20
3749
66
50
15
55
5506
1080
73
632
12
266
145
82
9
202
239
1642
860
384
2756
76
207
20
4
2035
660
85
23
897
5280
532
2764
18
589
13
20
3134
1303
93
462
42
254
126
47
111
730
183
576
3333
706
2575
204
123
7476
10755
115
1186
5176
28
868
1311
42
63
98
65
111
46
872
1779
709
525
364
585
2748
370
643
2717
453
361
637
23
218
65
102
167
4512
128
596
23
244
337
110
212
53
26
1213
533
199
1617
61
46
46
1078
1825
105
63
661
918
206
9017
44
6189
36
2716
312
84
2350
718
1185
1243
562
518
34
948
17
1220
12
3484
193
5
65
953
182
30
26
25
25
198
1416
240
4
523
67
273
18
2035
91
193
692
78
2444
112
4
117
95
41
148
7
1554
28
57
66
25
31
2034
42
101
3535
544
1390
835
97
50
35
90
581
829
86
1020
44
261
341
83
397
14
23
244
1981
36
2769
232
1354
192
134
118
491
38
45
420
2769
440
1361
2498
1924
261
2013
15
5687
127
1261
1422
12
3785
144
271
35
466
1871
143
53
1847
11263
205
1175
25
126
2560
1223
617
76
416
26
1235
559
61
7
144
52
1464
1580
447
10
806
603
18
639
774
524
109
238
931
826
65
7519
38
98
13
1028
17
2003
4007
1652
358
1483
22
18
136
53
49
92
165
2603
59
3
96
5710
3044
101
1990
275
214
110
1063
299
51
12
5
204
657
583
3508
153
310
40
2388
711
1035
568
177
2
214
159
22
2149
10
9317
12
425
197
1230
937
44
17
170
3378
985
113
348
18
5094
1032
1282
168
1195
167
451
6885
1085
2284
656
51
459
62
2662
203
28
557
75
32
51
96
11
2018
1014
1736
213
959
772
230
3094
338
427
80
20
85
45
320
78
201
747
40
78
4
145
6680
64
4448
52
56
692
122
4771
62
121
1407
155
56
1058
245
43
4584
919
19
4
28
541
32
1323
1086
650
128
32
4485
2603
642
630
207
1594
430
119
76
3386
13
1022
901
966
392
82
622
76
1825
903
167
2948
1027
44
75
251
5
390
415
337
1386
158
2433
179
24
1955
128
2364
5
7042
40
127
719
79
371
205
72
934
182
1918
29
938
1326
75
9535
84
35
186
55
3643
165
46
322
291
11066
7681
169
223
58
605
2213
853
70
3015
265
49
129
240
28
50
179
1620
1125
2377
19
125
212
355
385
93
62
332
3994
400
617
897
361
1024
40
1027
145
959
1053
474
55
59
52
1042
1109
1021
353
506
342
1061
1324
1066
15
122
2055
340
330
1061
80
894
158
1113
329
1070
1066
68
1065
1085
131
37
574
919
875
264
197
111
11
10901
148
28
169
431
104
60
106
42
86
236
3034
8784
247
1645
459
884
82
130
97
1774
84
1920
370
8514
179
307
118
19
2
6
66
1582
42
43
265
3492
66
7502
2195
21
103
72
85
184
192
415
110
542
526
134
801
2502
1502
193
48
106
972
77
96
482
46
79
2003
87
77
1110
100
38
13
2014
46
782
164
43
85
84
1221
13
24
538
127
51
944
229
23
394
4100
1656
30
29
261
136
512
2324
79
229
5
382
98
637
720
90
10
969
80
7
292
176
755
55
35
68
294
37
792
7
42
546
235
70
297
2494
208
1797
366
110
2542
840
288
149
137
1123
621
330
118
12
58
182
108
8
187
453
610
186
276
103
784
97
250
91
960
44
92
199
91
174
82
8
471
5697
142
178
633
111
258
1268
39
32
175
253
62
1003
25
1950
94
304
71
69
85
42
103
55
4126
146
127
4125
107
2154
4052
15
1339
24
157
89
84
66
96
247
246
1494
125
59
105
65
829
533
512
58
287
47
404
257
102
667
178
14
27
88
19
110
763
737
112
20
18
683
1959
52
272
100
399
1604
45
24
1174
40
4146
37
15
61
560
67
31
3194
1803
111
109
19
17
1531
354
978
132
74
24
1
177
134
109
3524
3919
2
1169
144
134
157
330
14
2092
135
1250
72
18
831
163
267
320
114
20
966
33
156
272
35
185
360
359
13
127
204
6
235
705
27
118
13
868
10
79
16
69
16
21
314
54
988
11
82
5798
1565
282
10
13
10
12
155
12
360
12
120
2718
19
88
15420
226
84
12
264
392
5
555
5389
1808
17
269
287
134
67
258
72
781
558
137
62
170
378
641
126
528
39
535
1572
20
196
70
237
269
519
806
25
13
485
230
7
1139
416
445
3
898
96
179
129
392
671
1297
4
188
6
23
70
2084
786
3270
356
25
382
48
1706
3370
176
557
10
195
135
360
74
92
355
39
37
55
5
338
39
1212
115
49
948
112
131
4
162
284
79
2224
391
535
9
124
62
570
1371
26
7
6
10
9
9
8
10
9
10
69
158
0
53
524
760
1653
1529
802
9794
50
198
0
