1037513347117318100
1030392225921163300
780670602718031900
1027058644766703600
1026986576334426100
1023652041524215800
1136392931214639100
1049536365796216800
1049518023261216800
1098390235103551500
1022302596331749400
934892792129527800
1017172152864440300
1007739355980320800
1059909974765879300
843457403874279400
1063713209200951300
1066090623622676500
963601344296603600
1013697372617920500
1025373085175046100
994428592463155200
1084732622764474400
1136156815799279600
954243741522780200
1126008476722745300
991191230608539600
1099165422269370400
887089569625022500
1020975128917528600
1074506524028584000
1097354235561070600
1049824270057398300
1049827757823328300
1071161199539916800
1108615359476486100
1114627745163382800
1051585133636882400
1113568393564393500
1061635481052135400
861776583596499000
943302681650827300
945980411403771900
1109630391755489300
1135684350243901400
1078544588326232000
1070988939892052000
1079245043791839200
1088331534913167400
764608868574380000
1042981208429617200
1101778096379531300
946338710643228700
849390566570778600
1103460512694288400
1045828019188617200
1105774020020109300
981615778952872000
1098817764525047800
1032946164814794800
1062944192716046300
1060898193983803400
1044742439619805200
1002670203380912100
1120288587028500500
970946620841189400
1032166678791934000
1046719849098305500
1135407909322113000
1020352075446370300
1061236246339838000
