1000,1000
2000,2000
1000,1000
372,100
250,250
341,1000
210,100
137,250
408,1000
386,1000
204,250
250,250
250,250
544,1000
250,250
34,250
87,250
100,250
76,250
77,250
180,100
368,1000
250,1000
167,100
18,1000
250,250
126,100
219,1000
7,1000
250,250
11,250
86,250
45,100
12,250
21,250
97,250
1,100
38,250
111,100
204,1000
31,1000
47,100
30,100
12,1000
64,1000
37,100
128,250
100,250
100,100
3,250
140,250
161,250
12,250
152,250
18,100
91,250
250,250
250,250
5,100
116,250
41,100
4,100
5,100
64,1000
167,100
40,250
145,250
4,100
63,250
1,250
91,100
11,250
100,100
4,250
23,250
3,250
12,250
17,100
43,100
4,250
167,250
8,250
1,250
5,100
5,250
177,250
100,100
13,100
167,1000
4,250
10,250
5,250
10,100
16,100
16,100
5,250
5,100
7,250
19,250
176,100
3,250
7,100
104,250
3,250
14,250
7,250
3,100
6,100
4,250
2,250
4,250
11,100
30,250
8,100
16,100
1,100
5,100
6,100
6,100
18,100
9,250
68,100
2,100
2,100
6,250
4,100
2,100
3,100
2,100
7,250
9,100
1,100
6,100
3,100
2,100
9,100
1,100
4,100
3,100
3,100
5,100
2,100
12,100
15,100
1,100
2,100
6,100
1,100
7,250
2,100
6,100
3,100
3,100
15,100
4,250
2,100
2,100
2,100
2,100
3,100
2,100
6,100
4,100
3,100
5,100
3,100
20,100
3,100
19,100
2,100
1,100
2,100
3,100
3,100
3,100
2,100
3,100
2,100
5,100
1,100
5,100
3,100
2,100
8,100
3,100
7,100
2,100
3,100
4,100
1,100
7,100
3,100
1,100
1,100
3,100
2,100
1,100
2,100
7,100
2,100
3,100
2,100
2,100
3,100
4,100
2,100
11,100
1,100
1,100
2,100
2,100
3,100
2,100
2,100
1,100
3,100
5,100
6,100
2,100
1,100
2,250
2,100
1,100
1,100
1,100
4,100
2,100
1,100
5,100
1,100
2,100
1,100
0,100
3,100
5,100
2,100
2,100
4,100
2,100
5,100
2,100
1,100
4,100
2,100
5,100
2,100
3,250
1,100
1,100
4,100
1,100
0,100
0,100
0,100
0,100
0,100
0,100
0,100
0,100
0,100
0,100
0,100
0,100
0,100
53,100
0,100
0,100
7,100
0,100
0,100
0,100
5,100
0,100
1,100
2,100
0,100
0,100
1,100
0,100
0,100
6,100
0,100
3,100
2,100
2,100
4,100
0,100
3,100
0,100
0,100
0,100
1,100
0,100
25,100
0,100
0,100
0,100
0,100
0,100
0,100
2,100
0,100
0,100
0,100
0,100
0,100
0,100
0,100
1,100
0,100
0,100
0,100
0,100
0,100
0,100
1,100
3,100
0,100
0,100
185,100
0,100
0,100
1,100
0,100
7,100
0,100
0,100
2,100
1,100
0,100
0,100
3,100
0,100
0,100
0,100
2,100
0,100
0,100
0,100
0,100
0,100
0,100
0,100
0,100
0,100
0,100
0,100
1,100
2,100
2,100
0,100
2,100
2,100
2,100
0,100
0,100
0,100
0,100
0,100
0,100
0,100
0,100
0,100
0,100
0,100
0,100
1,100
0,100
2,100
0,100
0,100
47,100
0,100
0,100
0,100
0,100
0,100
0,100
0,100
0,100
0,100
2,100
3,100
0,100
2,100
0,100
0,100
0,100
8,100
1,100
0,100
0,100
0,100
37,100
0,100
0,100
0,100
0,100
0,100
0,100
0,100
0,100
0,100
0,100
5,100
0,100
0,100
0,100
0,100
1,100
0,100
0,100
0,100
0,100
0,100
0,100
0,100
2,100
0,100
0,100
2,100
2,100
0,100
0,100
0,100
0,100
0,100
0,100
39,100
4,100
2,100
0,100
0,100
0,100
0,100
0,100
0,100
0,100
0,100
0,100
0,100
0,100
0,100
1,100
0,100
0,100
0,100
0,100
0,100
34,100
1,100
2,100
0,100
3,100
5,100
0,100
36,100
0,100
0,100
0,100
0,100
0,100
0,100
6,100
0,100
0,100
0,100
2,100
0,100
0,100
0,100
0,100
0,100
7,100
46,100
0,100
10,100
0,100
0,100
0,100
0,100
1,100
0,100
0,100
0,100
0,100
0,100
0,100
0,100
0,100
0,100
4,100
0,100
3,100
0,100
1,100
60,100
0,100
0,100
0,100
0,100
0,100
0,100
0,100
0,100
0,100
0,100
1,100
3,100
0,100
0,100
1,100
0,100
0,100
0,100
0,100
0,100
0,100
0,100
4,100
0,100
0,100
0,100
0,100
0,100
0,100
23,100
6,100
0,100
2,100
0,100
0,100
0,100
0,100
0,100
4,100
0,100
20,100
0,100
0,100
0,100
0,100
0,100
0,100
1,100
6,100
3,100
10,100
0,100
0,100
0,100
0,100
0,100
0,100
0,100
0,100
0,100
0,100
0,100
0,100
0,100
0,100
2,100
3,100
0,100
0,100
0,100
0,100
0,100
0,100
0,100
0,100
0,100
0,100
1,100
0,100
0,100
0,100
4,100
1,100
0,100
0,100
0,100
0,100
0,100
0,100
0,100
0,100
2,100
0,100
0,100
0,100
1,100
2,100
9,100
0,100
0,100
18,100
5,100
3,100
0,100
0,100
4,100
0,100
0,100
0,100
0,100
0,100
0,100
0,100
0,100
0,100
0,100
6,100
3,100
0,100
2,100
0,100
0,100
0,100
0,100
0,100
0,100
0,100
0,100
1,100
0,100
0,100
0,100
0,100
0,100
0,100
0,100
2,100
0,100
0,100
2,100
0,100
0,100
0,100
0,100
0,100
0,100
12,100
0,100
0,100
0,100
0,100
0,100
0,100
0,100
0,100
0,100
0,100
0,100
0,100
0,100
2,100
0,100
0,100
0,100
0,100
0,100
0,100
0,100
6,100
0,100
0,100
0,100
0,100
1,100
1,100
0,100
0,100
0,100
0,100
4,100
5,100
0,100
0,100
0,100
0,100
0,100
0,100
6,100
0,100
0,100
1,100
0,100
0,100
0,100
0,100
0,100
0,100
4,100
0,100
0,100
0,100
0,100
0,100
0,100
3,100
4,100
0,100
1,100
0,100
5,100
0,100
0,100
0,100
0,100
0,100
0,100
5,100
0,100
0,100
0,100
1,100
2,100
0,100
0,100
0,100
0,100
0,100
0,100
0,100
27,1000
2,250
0,100
1,100
0,100
0,100
0,100
0,100
2,100
2,100
3,100
0,100
0,100
1,100
0,100
63,100
0,100
0,100
0,100
0,100
0,100
0,100
0,100
13,100
126,100
0,100
22,100
0,100
0,100
0,100
0,100
0,100
0,100
0,100
15,100
1,100
0,100
0,100
0,100
0,100
0,100
3,100
2,100
1,100
0,100
1,100
1,100
0,100
0,100
0,100
12,100
0,100
0,100
0,100
0,100
76,100
0,100
0,100
23,100
3,100
0,100
2,100
0,100
0,100
0,100
0,100
0,100
0,100
0,100
0,100
0,100
0,100
0,100
0,100
0,100
13,100
0,100
0,100
0,100
3,100
0,100
0,100
0,100
0,100
0,100
0,100
0,100
0,100
0,100
0,100
0,100
0,100
2,100
0,100
0,100
0,100
0,100
0,100
0,100
0,100
0,100
0,100
0,100
6,100
0,100
0,100
4,100
0,100
0,100
12,100
9,100
0,100
0,100
0,100
0,100
0,100
0,100
0,100
1,100
0,100
5,100
0,100
0,100
0,100
0,100
0,100
0,100
0,100
0,100
1,100
0,100
11,100
0,100
5,100
0,100
2,100
0,100
0,100
3,100
0,100
0,100
0,100
0,100
0,100
0,100
0,100
0,100
0,100
0,100
0,100
0,100
1,100
0,100
0,100
0,100
0,100
0,100
0,100
1,100
0,100
0,100
0,100
0,100
0,100
0,100
2,100
3,100
0,100
2,100
0,100
0,100
0,100
0,100
0,100
0,100
0,100
0,100
0,100
0,100
0,100
0,100
0,100
0,100
1,100
0,100
0,100
0,100
0,100
0,100
0,100
3,100
0,100
1,100
0,100
0,100
3,100
0,100
3,100
0,100
0,100
0,100
0,100
0,100
0,100
0,100
0,100
1,100
0,100
0,100
4,100
0,100
0,100
0,100
0,100
0,100
0,100
0,100
0,100
0,100
0,100
4,100
0,100
1,100
0,100
1,100
0,100
0,100
3,100
0,100
0,100
0,100
2,100
0,100
0,100
5,100
3,100
2,100
0,100
0,100
1,100
0,100
0,100
0,100
9,100
0,100
0,100
0,100
0,100
0,100
0,100
3,100
0,100
1,100
3,100
0,100
1,100
2,100
0,100
0,100
0,100
0,100
0,100
0,100
0,100
4,100
0,100
0,100
0,100
0,100
0,100
0,100
0,100
0,100
0,100
0,100
0,100
8,100
0,100
0,100
0,100
0,100
0,100
0,100
0,100
0,100
0,100
0,100
2,100
1,100
0,100
0,100
0,100
0,100
0,100
0,100
0,100
0,100
5,100
0,100
1,100
0,100
0,100
0,100
0,100
0,100
0,100
0,100
0,100
0,100
0,100
0,100
0,100
0,100
0,100
32,100
0,100
0,100
0,100
0,100
2,100
0,100
0,100
0,100
2,100
0,100
0,100
0,100
0,100
0,100
0,100
4,100
0,100
5,100
1,100
6,100
0,100
0,100
0,100
0,100
0,100
1,100
1,100
0,100
0,100
0,100
0,100
0,100
0,100
3,100
0,100
0,100
0,100
0,100
2,100
10,100
0,100
0,100
0,100
1,100
1,100
0,100
0,100
1,100
0,100
0,100
0,100
2,100
0,100
9,100
0,100
0,100
0,100
0,100
3,100
0,100
0,100
26,100
3,100
0,100
0,100
0,100
0,100
0,100
0,100
1,100
0,100
0,100
0,100
0,100
3,100
6,100
1,100
21,100
0,100
0,100
0,100
0,100
0,100
4,100
0,100
2,100
0,100
0,100
0,100
0,100
1,100
0,100
0,100
0,100
0,100
0,100
0,100
0,100
0,100
0,100
0,100
2,100
0,100
0,100
0,100
0,100
2,100
0,100
0,100
0,100
0,100
3,100
0,100
4,100
0,100
0,100
2,100
0,100
1,100
0,100
0,100
0,100
0,100
0,100
0,100
0,100
0,100
0,100
0,100
0,100
0,100
0,100
6,100
6,100
5,100
0,100
0,100
0,100
0,100
0,100
5,100
137,100
0,100
0,100
0,100
0,100
0,100
0,100
1,100
0,100
0,100
0,100
0,100
0,100
0,100
0,100
0,100
0,100
1,100
0,100
0,100
0,100
0,100
1,100
0,100
0,100
3,100
0,100
0,100
1,100
0,100
0,100
0,100
0,100
0,100
1,100
3,100
0,100
0,100
0,100
1,100
1,100
2,100
0,100
5,100
2,100
0,100
0,100
0,100
1,100
0,100
1,100
1,100
2,100
2,100
0,100
0,100
9,100
10,100
0,100
0,100
0,100
4,100
3,100
1,100
0,100
0,100
9,100
0,100
0,100
0,100
0,100
0,100
0,100
2,100
3,100
0,100
0,100
0,100
0,100
7,100
0,100
0,100
2,100
0,100
5,100
0,100
0,100
0,100
0,100
0,100
0,100
0,100
0,100
0,100
16,100
7,100
2,100
2,100
0,100
7,100
0,100
0,100
0,100
0,100
0,100
0,100
0,100
3,100
1,100
0,100
0,100
0,100
0,100
0,100
2,100
0,100
0,100
19,100
0,100
0,100
0,100
0,100
0,100
0,100
0,100
0,100
0,100
0,100
0,100
0,100
0,100
0,100
0,100
0,100
0,100
0,100
0,100
0,100
0,100
4,100
0,100
0,100
0,100
0,100
0,100
0,100
0,100
0,100
1,100
7,100
3,100
3,100
0,100
0,100
0,100
0,100
0,100
0,100
2,100
0,100
3,100
0,100
19,100
0,100
2,100
0,100
0,100
134,100
18,100
16,100
0,100
0,100
0,100
0,100
0,100
1,100
0,100
0,100
0,100
4,100
2,100
0,100
0,100
0,100
1,100
0,100
0,100
1,100
0,100
0,100
0,100
0,100
0,100
0,100
2,100
0,100
0,100
0,100
0,100
0,100
0,100
0,100
0,100
1,100
5,100
2,100
0,100
0,100
0,100
0,100
0,100
2,100
0,100
2,100
2,100
3,100
0,100
0,100
3,100
0,100
0,100
0,100
0,100
1,100
0,100
0,100
0,100
1,100
7,100
2,100
0,100
0,100
0,100
0,100
0,100
0,100
44,100
0,100
0,100
0,100
0,100
0,100
0,100
2,100
2,100
0,100
2,100
1,100
0,100
16,100
0,100
1,100
0,100
0,100
0,100
0,100
0,100
4,100
0,100
0,100
0,100
0,100
5,100
0,100
0,100
0,100
0,100
0,100
0,100
0,100
0,100
0,100
0,100
0,100
6,100
0,100
4,100
3,100
17,100
0,100
0,100
0,100
4,100
0,100
1,100
0,100
2,100
0,100
0,100
0,100
0,100
0,100
0,100
0,100
0,100
0,100
0,100
0,100
0,100
0,100
0,100
0,100
0,100
0,100
0,100
2,100
0,100
5,100
0,100
0,100
0,100
0,100
3,100
0,100
17,100
0,100
0,100
0,100
0,100
0,100
5,100
4,100
0,100
0,100
0,100
1,100
0,100
0,100
1,100
0,100
0,100
0,100
0,100
0,100
0,100
0,100
0,100
0,100
0,100
16,100
2,100
0,100
0,100
0,100
0,100
0,100
2,100
0,100
1,100
0,100
0,100
0,100
1,100
10,100
1,100
1,100
0,100
0,100
0,100
0,100
0,100
0,100
1,100
0,100
0,100
0,100
0,100
0,100
0,100
0,100
0,100
0,100
0,100
0,100
0,100
0,100
4,100
0,100
0,100
6,100
0,100
3,100
0,100
0,100
0,100
0,100
0,100
0,100
1,100
0,100
0,100
0,100
0,100
0,100
4,100
0,100
0,100
1,100
0,100
0,100
0,100
0,100
0,100
0,100
0,100
0,100
0,100
0,100
1,100
0,100
2,100
0,100
0,100
0,100
0,100
1,100
1,100
0,100
0,100
0,100
0,100
0,100
14,100
14,100
0,100
0,100
0,100
0,100
0,100
0,100
28,100
0,100
2,100
0,100
0,100
0,100
0,100
0,100
5,100
0,100
0,100
0,100
0,100
0,100
2,100
3,100
1,100
1,100
0,100
0,100
0,100
0,100
0,100
12,100
0,100
0,100
0,100
0,100
0,100
0,100
2,100
0,100
0,100
0,100
0,100
0,100
0,100
0,100
0,100
0,100
0,100
0,100
0,100
0,100
0,100
0,100
4,100
0,100
0,100
2,100
3,100
0,100
15,100
0,100
0,100
0,100
0,100
32,100
0,100
0,100
0,100
1,100
1,100
0,100
0,100
141,100
0,100
0,100
0,100
0,100
16,100
0,100
4,250
2,100
33,100
0,100
0,100
0,100
0,100
0,100
2,100
8,100
11,100
2,100
13,100
1,100
0,100
1,100
0,100
0,100
0,100
2,100
0,100
6,100
0,100
0,100
0,100
1,100
0,100
4,100
13,100
1,100
0,100
0,100
1,100
0,100
38,100
21,100
0,100
0,100
0,100
0,100
0,100
0,100
0,100
38,100
2,100
2,100
0,100
0,100
8,100
0,100
0,100
0,100
0,100
0,100
0,100
0,100
0,100
0,100
0,100
0,100
0,100
0,100
4,100
1,100
0,100
0,100
0,100
0,100
0,100
10,100
0,100
0,100
1,100
0,100
0,100
1,100
2,100
4,100
3,100
0,100
0,100
0,100
0,100
0,100
0,100
0,100
85,100
0,100
82,100
0,100
0,100
0,100
0,100
0,100
0,100
0,100
0,100
14,100
0,100
0,100
0,100
0,100
0,100
0,100
2,100
1,100
0,100
0,100
0,100
1,100
6,100
2,100
0,100
0,100
0,100
0,100
0,100
0,100
1,100
0,100
0,100
0,100
0,100
0,100
0,100
0,100
0,100
1,100
0,100
0,100
1,100
4,100
0,100
0,100
0,100
1,100
0,100
0,100
0,100
0,100
0,100
8,100
2,100
8,100
137,100
0,100
1,100
0,100
0,100
0,100
10,100
0,100
0,100
0,100
0,100
0,100
0,100
0,100
0,100
0,100
0,100
0,100
0,100
0,100
7,100
0,100
0,100
0,100
0,100
0,100
2,100
0,100
11,100
0,100
20,1000
2,100
0,100
0,100
10,100
34,100
0,100
0,100
0,100
0,100
0,100
0,100
0,100
0,100
0,100
0,100
0,100
0,100
0,100
5,100
0,100
6,100
0,100
0,100
0,100
0,100
0,100
2,100
0,100
0,100
0,100
0,100
0,100
0,100
0,100
0,100
0,100
0,100
0,100
0,100
0,100
0,100
0,100
0,100
0,100
0,100
0,100
0,100
0,100
0,100
0,100
80,100
2,100
0,100
0,100
0,100
0,100
1,100
0,100
0,100
0,100
0,100
68,100
0,100
3,100
0,100
0,100
1,100
2,100
0,100
0,100
0,100
2,100
0,100
2,100
0,100
0,100
2,100
9,100
1,100
0,100
0,100
0,100
0,100
0,100
0,100
0,100
0,100
0,100
0,100
0,100
0,100
2,100
0,100
0,100
0,100
0,100
0,100
0,100
0,100
0,100
0,100
0,100
0,100
1,100
0,100
0,100
0,100
0,100
0,100
0,100
0,100
0,100
0,100
5,100
0,100
0,100
0,100
7,100
0,100
0,100
0,100
0,100
2,100
0,100
0,100
0,100
0,100
0,100
0,100
5,100
0,100
0,100
5,100
0,100
0,100
0,100
0,100
0,100
7,100
7,100
0,100
0,100
5,100
0,100
0,100
0,100
1,100
0,100
0,100
0,100
5,100
0,100
0,100
0,100
0,100
2,100
0,100
8,100
0,100
0,100
1,100
0,100
0,100
0,100
1,100
0,100
0,100
0,100
0,100
0,100
0,100
0,100
0,100
0,100
0,100
0,100
0,100
4,100
0,100
0,100
0,100
1,100
0,100
2,100
2,100
0,100
14,100
0,100
0,100
0,100
0,100
0,100
0,100
0,100
1,100
0,100
0,100
0,100
0,100
0,100
0,100
0,100
0,100
0,100
0,100
0,100
0,100
0,100
0,100
6,100
0,100
0,100
0,100
1,100
0,100
0,100
0,100
1,100
0,100
0,100
2,100
0,100
0,100
0,100
0,100
0,100
0,100
0,100
0,100
4,100
2,100
5,100
0,100
0,100
0,100
0,100
0,100
29,100
0,100
0,100
0,100
0,100
0,100
0,100
0,100
1,100
6,100
0,100
0,100
0,100
27,100
99,100
0,100
0,100
0,100
5,100
0,100
1,100
0,100
0,100
0,100
0,100
0,100
0,100
0,100
0,100
0,100
0,100
1,100
0,100
0,100
0,100
0,100
0,100
11,100
0,100
0,100
0,100
0,100
0,100
3,100
0,100
3,100
14,100
1,100
0,100
0,100
0,100
0,100
16,100
0,100
0,100
0,100
21,100
0,100
0,100
0,100
0,100
0,100
0,100
0,100
40,100
0,100
0,100
0,100
0,100
0,100
0,100
0,100
0,100
0,100
0,100
0,100
1,100
0,100
0,100
3,100
0,100
0,100
0,100
0,100
4,100
0,100
0,100
0,100
0,100
0,100
0,100
0,100
0,100
0,100
2,100
0,100
0,100
0,100
0,100
2,100
0,100
0,100
0,100
0,100
0,100
0,100
0,100
21,100
0,100
1,100
0,100
0,100
4,100
0,100
5,100
0,100
0,100
0,100
0,100
0,100
0,100
11,100
0,100
0,100
0,100
1,100
6,100
0,100
0,100
0,100
2,100
6,100
0,100
0,100
0,100
35,100
1,100
0,100
0,100
0,100
1,100
0,100
2,100
5,100
1,100
2,100
2,100
2,100
1,100
0,100
0,100
0,100
0,100
0,100
0,100
1,100
0,100
0,100
0,100
0,100
0,100
0,100
2,100
4,100
9,100
0,100
0,100
0,100
0,100
10,100
0,100
0,100
0,100
0,100
0,100
1,100
4,100
0,100
2,100
1,100
0,100
0,100
0,100
0,100
0,100
0,100
0,100
0,100
0,100
0,100
1,100
0,100
0,100
0,100
0,100
0,100
0,100
0,100
0,100
5,100
0,100
0,100
0,100
0,100
0,100
94,100
0,100
0,100
0,100
0,100
0,100
0,100
0,100
0,100
0,100
2,100
10,100
2,100
0,100
0,100
0,100
0,100
0,100
0,100
2,100
0,100
0,100
0,100
1,100
0,100
0,100
0,100
0,100
1,100
10,100
0,100
0,100
0,100
0,100
0,100
0,100
3,100
0,100
2,100
0,100
0,100
0,100
5,100
0,100
0,100
2,100
0,100
3,100
4,100
2,100
0,100
0,100
2,100
0,100
0,100
0,100
0,100
0,100
0,100
14,100
0,100
0,100
1,100
0,100
0,100
0,100
2,100
0,100
0,100
0,100
0,100
2,100
2,100
2,100
4,100
4,100
0,100
0,100
0,100
2,100
8,100
52,100
0,100
0,100
0,100
0,100
0,100
0,100
0,100
0,100
0,100
0,100
0,100
0,100
0,100
1,100
0,100
0,100
0,100
5,100
0,100
0,100
0,100
0,100
0,100
0,100
19,100
0,100
0,100
0,100
0,100
0,100
110,100
0,100
0,100
0,100
0,100
0,100
1,100
0,100
1,100
0,100
0,100
0,100
0,100
2,100
0,100
0,100
0,100
0,100
0,100
0,100
0,100
5,100
0,100
0,100
1,100
0,100
0,100
0,100
0,100
2,100
15,100
0,100
2,100
1,100
18,100
0,100
0,100
0,100
0,100
0,100
0,100
0,100
0,100
0,100
0,100
1,100
0,100
0,100
0,100
1,100
0,100
0,100
0,100
0,100
0,100
0,100
0,100
1,100
0,100
0,100
0,100
1,100
52,100
2,100
2,100
0,100
0,100
0,100
6,100
0,100
0,100
0,100
0,100
1,100
0,100
0,100
0,100
0,100
0,100
8,100
20,100
0,100
0,100
0,100
0,100
0,100
0,100
2,100
0,100
0,100
0,100
0,100
2,100
22,100
0,100
0,100
0,100
0,100
11,100
0,100
0,100
0,100
13,100
5,100
0,100
0,100
0,100
65,100
0,100
1,100
0,100
0,100
0,100
0,100
0,100
0,100
0,100
0,100
11,100
0,100
0,100
4,100
0,100
3,100
2,100
3,100
0,100
0,100
2,100
0,100
0,100
0,100
0,100
0,100
7,100
0,100
0,100
0,100
0,100
0,100
0,100
1,100
0,100
0,100
0,100
0,100
0,100
1,100
0,100
0,100
0,100
1,100
0,100
0,100
3,100
0,100
8,100
2,100
0,100
0,100
0,100
0,100
0,100
0,100
7,100
0,100
0,100
3,100
1,100
0,100
0,100
0,100
0,100
0,100
0,100
0,100
0,100
0,100
0,100
0,100
1,100
1,100
0,100
0,100
0,100
0,100
2,100
1,100
1,100
4,100
4,100
1,100
0,100
0,100
8,100
0,100
0,100
0,100
0,100
0,100
0,100
0,100
0,100
0,100
0,100
0,100
0,100
8,100
0,100
0,100
0,100
0,100
0,100
0,100
0,100
0,100
0,100
0,100
0,100
0,100
1,100
4,100
0,100
0,100
2,100
0,100
2,100
5,100
10,100
26,100
0,100
0,100
0,100
0,100
0,100
0,100
0,100
0,100
0,100
0,100
0,100
0,100
0,100
3,100
7,100
0,100
0,100
0,100
0,100
0,100
0,100
223,100
0,100
1,100
0,100
0,100
0,100
3,100
0,100
0,100
0,100
1,100
0,100
0,100
1,100
0,100
0,100
1,100
0,100
0,100
0,100
0,100
2,100
0,100
0,100
0,100
0,100
336,100
0,100
1,100
0,100
0,100
0,100
0,100
0,100
82,100
0,100
0,100
0,100
0,100
0,100
0,100
0,100
0,100
0,100
0,100
0,100
0,100
0,100
0,100
3,100
0,100
1,100
0,100
0,100
0,100
0,100
0,100
5,100
0,100
0,100
0,100
0,100
0,100
2,100
0,100
0,100
0,100
0,100
0,100
0,100
0,100
0,100
0,100
0,100
0,100
0,100
0,100
0,100
0,100
1,100
0,100
0,100
4,100
302,100
0,100
0,100
0,100
0,100
0,100
152,100
0,100
0,100
0,100
0,100
0,100
0,100
1,100
6,100
2,100
0,100
0,100
0,100
0,100
0,100
219,100
0,100
0,100
0,100
0,100
0,100
2,100
0,100
0,100
0,100
0,100
0,100
0,100
12,100
3,100
0,100
0,100
0,100
0,100
0,100
0,100
2,100
29,100
0,100
0,100
5,100
0,100
0,100
0,100
8,100
0,100
0,100
0,100
0,100
0,100
0,100
0,100
0,100
0,100
0,100
0,100
0,100
0,100
0,100
0,100
0,100
0,100
0,100
0,100
0,100
0,100
0,100
0,100
0,100
0,100
1,100
0,100
0,100
0,100
0,100
0,100
1,100
0,100
0,100
0,100
1,100
0,100
7,100
3,100
0,100
0,100
0,100
0,100
0,100
0,100
3,100
0,100
0,100
0,100
3,100
0,100
0,100
0,100
0,100
0,100
3,100
1,100
0,100
0,100
0,100
2,100
0,100
0,100
0,100
98,100
1,100
0,100
0,100
0,100
0,100
0,100
0,100
0,100
0,100
0,100
0,100
0,100
0,100
0,100
0,100
0,100
0,100
0,100
0,100
0,100
3,100
0,100
0,100
4,100
0,100
0,100
0,100
0,100
2,100
5,100
2,100
3,100
0,100
0,100
0,100
0,100
0,100
0,100
6,100
0,100
0,100
0,100
0,100
0,100
3,100
18,100
0,100
0,100
0,100
0,100
0,100
4,100
0,100
0,100
0,100
0,100
0,100
0,100
0,100
0,100
2,100
3,100
2,100
0,100
19,100
0,100
0,100
1,100
0,100
1,100
3,100
0,100
0,100
0,100
0,100
0,100
6,100
0,100
3,100
1,100
0,100
0,100
20,100
0,100
0,100
1,100
0,100
0,100
0,100
2,100
0,100
4,100
0,100
2,100
0,100
0,100
0,100
0,100
0,100
0,100
0,100
3,100
0,100
14,100
0,100
0,100
0,100
0,100
0,100
1,100
0,100
0,100
0,100
0,100
0,100
0,100
0,100
1,100
0,100
0,100
0,100
0,100
0,100
0,100
0,100
2,100
0,100
0,100
2,100
3,100
2,100
0,100
0,100
0,100
0,100
4,100
2,100
0,100
0,100
0,100
0,100
0,100
0,100
3,100
0,100
63,100
0,100
0,100
7,100
0,100
0,100
0,100
0,100
0,100
0,100
0,100
0,100
0,100
0,100
0,100
0,100
2,100
0,100
0,100
0,100
2,100
0,100
0,100
0,100
0,100
0,100
0,100
0,100
2,100
0,100
0,100
0,100
0,100
0,100
0,100
0,100
0,100
1,100
0,100
1,100
0,100
0,100
0,100
0,100
0,100
0,100
0,100
1,100
0,100
0,100
0,100
3,100
0,100
1,100
0,100
0,100
1,100
0,100
0,100
5,100
0,100
0,100
0,100
0,100
0,100
0,100
0,100
0,100
0,100
2,100
0,100
0,100
0,100
0,100
48,100
0,100
0,100
0,100
3,100
0,100
0,100
2,100
0,100
0,100
4,100
0,100
1,100
0,100
0,100
8,100
28,100
0,100
2,100
0,100
0,100
1,100
0,100
3,100
0,100
0,100
0,100
5,100
0,100
0,100
0,100
0,100
0,100
0,100
0,100
0,100
3,100
6,100
0,100
1,100
0,100
2,100
2,100
0,100
0,100
0,100
0,100
0,100
0,100
0,100
0,100
0,100
0,100
0,100
0,100
0,100
0,100
5,100
135,100
1,100
0,100
1,100
0,100
0,100
0,100
4,100
0,100
0,100
0,100
0,100
0,100
1,100
2,100
2,100
0,100
2,100
0,100
8,100
0,100
0,100
0,100
1,100
0,100
0,100
0,100
0,100
0,100
0,100
0,100
0,100
7,100
0,100
0,100
0,100
0,100
0,100
0,100
0,100
0,100
1,100
11,100
0,100
0,100
0,100
0,100
0,100
1,100
2,100
0,100
2,100
3,100
11,100
1,100
0,100
0,100
0,100
0,100
0,100
0,100
0,100
0,100
0,100
0,100
0,100
0,100
0,100
0,100
0,100
13,100
1,100
0,100
0,100
0,100
0,100
0,100
0,100
0,100
0,100
0,100
0,100
2,100
0,100
0,100
0,100
0,100
2,100
0,100
0,100
0,100
0,100
0,100
0,100
0,100
0,100
0,100
0,100
0,100
0,100
0,100
3,100
0,100
0,100
30,100
3,100
0,100
0,100
0,100
0,100
0,100
0,100
0,100
0,100
0,100
3,100
0,100
0,100
0,100
0,100
2,100
0,100
33,100
0,100
0,100
0,100
8,100
0,100
0,100
0,100
0,100
0,100
0,100
0,100
7,100
0,100
0,100
26,100
0,100
0,100
0,100
0,100
0,100
0,100
0,100
0,100
1,100
0,100
0,100
0,100
0,100
0,100
2,100
4,100
4,100
0,100
0,100
0,100
0,100
0,100
0,100
0,100
0,100
0,100
0,100
0,100
0,100
0,100
6,100
1,100
0,100
4,100
0,100
0,100
0,100
0,100
0,100
0,100
10,100
0,100
0,100
0,100
0,100
0,100
2,100
1,100
8,100
0,100
0,100
2,100
0,100
0,100
0,100
0,100
1,100
0,100
0,100
5,100
0,100
0,100
0,100
0,100
0,100
12,100
3,100
0,100
1,100
0,100
0,100
0,100
1,100
6,100
0,100
0,100
0,100
0,100
0,100
3,100
0,100
0,100
0,100
2,100
1,100
1,100
0,100
0,100
0,100
0,100
2,100
0,100
0,100
1,100
0,100
20,100
0,100
0,100
0,100
0,100
1,100
0,100
0,100
0,100
0,100
0,100
2,100
1,100
0,100
0,100
0,100
0,100
1,100
0,100
0,100
0,100
0,100
0,100
0,100
0,100
0,100
0,100
0,100
1,100
0,100
0,100
0,100
0,100
0,100
2,100
0,100
0,100
0,100
0,100
9,100
0,100
0,100
0,100
0,100
0,100
10,100
0,100
0,100
0,100
0,100
0,100
7,100
0,100
0,100
0,100
0,100
0,100
0,100
1,100
0,100
0,100
0,100
0,100
1,100
0,100
0,100
0,100
1,100
0,100
0,100
9,100
0,100
4,100
0,100
0,100
0,100
2,100
0,100
1,100
1,100
0,100
0,100
0,100
0,100
0,100
0,100
0,100
0,100
0,100
0,100
0,100
0,100
0,100
0,100
0,100
0,100
0,100
0,100
0,100
1,100
0,100
0,100
0,100
0,100
0,100
0,100
0,100
0,100
0,100
0,100
0,100
0,100
0,100
0,100
0,100
0,100
8,100
0,100
0,100
0,100
0,100
0,100
0,100
0,100
0,100
0,100
0,100
1,100
0,100
0,100
0,100
0,100
0,100
0,100
0,100
0,100
0,100
1,100
6,100
0,100
0,100
10,100
7,100
0,100
0,100
1,100
0,100
0,100
0,100
0,100
0,100
0,100
0,100
0,100
0,100
0,100
0,100
9,100
0,100
1,100
0,100
0,100
0,100
0,100
0,100
0,100
0,100
1,100
0,100
1,100
0,100
0,100
0,100
0,100
1,100
0,100
0,100
0,100
0,100
0,100
0,100
1,100
0,100
0,100
0,100
0,100
0,100
2,100
0,100
0,100
0,100
0,100
0,100
0,100
0,100
6,100
0,100
33,100
2,100
0,100
0,100
0,100
0,100
0,100
0,100
0,100
1,100
9,100
1,100
2,100
3,100
0,100
1,100
0,100
0,100
3,100
0,100
0,100
0,100
1,100
1,100
0,100
0,100
1,100
0,100
0,100
0,100
1,100
0,100
1,100
0,100
0,100
0,100
0,100
3,100
0,100
0,100
0,100
0,100
0,100
1,100
2,100
0,100
0,100
0,100
3,100
5,100
0,100
0,100
0,100
0,100
0,100
0,100
9,100
0,100
0,100
3,100
2,100
0,100
0,100
0,100
25,100
0,100
0,100
0,100
0,100
0,100
1,100
5,100
0,100
0,100
3,100
0,100
0,100
0,100
0,100
1,100
2,100
0,100
6,100
0,100
0,100
2,100
0,100
0,100
0,100
0,100
34,100
4,100
0,100
0,100
0,100
0,100
0,100
0,100
3,100
0,100
0,100
0,100
0,100
0,100
0,100
0,100
0,100
0,100
0,100
0,100
0,100
0,100
0,100
0,100
0,100
2,100
0,100
0,100
5,100
0,100
3,100
0,100
0,100
0,100
0,100
1,100
0,100
3,100
0,100
0,100
0,100
0,100
0,100
0,100
0,100
0,100
41,100
0,100
0,100
0,100
0,100
1,100
0,100
0,100
0,100
0,100
0,100
0,100
3,100
2,100
0,100
0,100
3,100
0,100
45,100
1,100
0,100
0,100
0,100
3,100
0,100
0,100
0,100
0,100
0,100
0,100
0,100
0,100
0,100
0,100
0,100
0,100
0,100
3,100
0,100
0,100
0,100
0,100
0,100
0,100
3,100
12,100
0,100
0,100
0,100
0,100
0,100
0,100
0,100
0,100
0,100
0,100
0,100
0,100
2,100
0,100
0,100
0,100
0,100
0,100
0,100
0,100
1,100
0,100
2,100
0,100
29,100
6,100
2,100
0,100
0,100
0,100
0,100
0,100
0,100
0,100
0,100
0,100
0,100
0,100
0,100
0,100
0,100
0,100
0,100
0,100
0,100
7,100
1,100
84,100
0,100
0,100
1,100
0,100
0,100
0,100
0,100
0,100
0,100
0,100
1,100
0,100
0,100
16,100
0,100
0,100
0,100
0,100
0,100
4,100
5,100
1,100
0,100
0,100
0,100
0,100
1,100
0,100
0,100
0,100
1,100
0,100
0,100
0,100
0,100
0,100
3,100
2,100
0,100
3,100
1,100
0,100
0,100
0,100
0,100
0,100
1,100
0,100
0,100
0,100
0,100
0,100
0,100
1,100
0,100
0,100
0,100
1,100
0,100
0,100
8,100
0,100
1,100
0,100
1,100
0,100
1,100
0,100
3,100
0,100
0,100
0,100
0,100
0,100
0,100
0,100
0,100
0,100
0,100
0,100
0,100
0,100
0,100
0,100
0,100
0,100
0,100
0,100
0,100
12,100
0,100
5,100
0,100
4,100
0,100
1,100
0,100
0,100
1,100
0,100
0,100
0,100
1,100
4,100
16,100
0,100
0,100
0,100
0,100
0,100
0,100
0,100
2,100
0,100
0,100
0,100
0,100
0,100
0,100
3,100
0,100
0,100
2,100
0,100
1,100
0,100
0,100
0,100
1,100
0,100
0,100
0,100
3,100
0,100
0,100
0,100
4,100
14,100
0,100
0,100
0,100
0,100
0,100
39,100
16,100
0,100
0,100
0,100
0,100
0,100
4,100
0,100
8,100
0,100
0,100
0,100
0,100
2,100
0,100
0,100
0,100
2,100
0,100
0,100
0,100
0,100
2,100
0,100
0,100
0,100
0,100
3,100
0,100
0,100
0,100
0,100
0,100
0,100
0,100
0,100
10,100
0,100
0,100
2,100
2,100
0,100
0,100
0,100
0,100
27,100
0,100
0,100
0,100
0,100
2,100
44,100
0,100
0,100
0,100
0,100
0,100
0,100
0,100
0,100
0,100
42,100
0,100
2,100
0,100
0,100
2,100
0,100
0,100
1,100
0,100
0,100
0,100
0,100
0,100
0,100
0,100
0,100
2,100
2,100
5,100
1,100
0,100
0,100
0,100
0,100
0,100
0,100
0,100
5,100
1,100
0,100
1,100
0,100
0,100
1,100
0,100
1,100
0,100
2,100
0,100
0,100
0,100
0,100
0,100
0,100
1,100
0,100
0,100
0,100
0,100
0,100
0,100
0,100
0,100
0,100
0,100
2,100
0,100
0,100
0,100
2,100
0,100
0,100
0,100
0,100
6,100
2,100
0,100
0,100
0,100
3,100
0,100
0,100
0,100
0,100
0,100
0,100
0,100
0,100
0,100
9,100
0,100
0,100
5,100
0,100
0,100
0,100
1,100
0,100
0,100
0,100
0,100
0,100
0,100
0,100
0,100
2,100
2,100
0,100
0,100
0,100
2,100
1,100
0,100
4,100
0,100
0,100
0,100
0,100
1,100
0,100
0,100
0,100
0,100
0,100
0,100
0,100
0,100
0,100
0,100
1,100
1,100
3,100
0,100
0,100
0,100
0,100
0,100
0,100
0,100
0,100
0,100
0,100
0,100
0,100
0,100
0,100
0,100
0,100
0,100
0,100
0,100
0,100
0,100
4,100
0,100
0,100
0,100
0,100
0,100
1,100
3,100
0,100
0,100
2,100
0,100
6,100
0,100
0,100
1,100
0,100
0,100
0,100
0,100
0,100
0,100
0,100
0,100
0,100
5,100
0,100
0,100
0,100
0,100
0,100
0,100
0,100
0,100
3,100
1,100
0,100
0,100
2,100
1,100
0,100
1,100
0,100
15,100
0,100
0,100
2,100
0,100
2,100
4,100
0,100
0,100
0,100
0,100
0,100
0,100
1,100
0,100
0,100
0,100
0,100
0,100
0,100
2,100
3,100
2,100
0,100
0,100
15,100
1,100
2,100
0,100
0,100
0,100
1,100
0,100
0,100
0,100
0,100
0,100
9,100
0,100
1,100
0,100
0,100
1,100
0,100
0,100
0,100
0,100
0,100
0,100
0,100
2,100
0,100
0,100
0,100
3,100
0,100
0,100
51,100
0,100
0,100
0,100
0,100
0,100
0,100
1,100
0,100
0,100
0,100
0,100
0,100
0,100
0,100
0,100
4,100
0,100
0,100
0,100
0,100
1,100
0,100
0,100
0,100
6,100
34,100
0,100
0,100
0,100
0,100
0,100
0,100
0,100
0,100
1,100
0,100
0,100
0,100
0,100
1,100
0,100
0,100
0,100
0,100
0,100
2,100
0,100
0,100
0,100
0,100
0,100
1,100
0,100
63,100
0,100
0,100
0,100
0,100
0,100
1,100
0,100
0,100
0,100
1,100
0,100
0,100
0,100
0,100
0,100
0,100
4,100
0,100
0,100
0,100
0,100
0,100
0,100
0,100
0,100
0,100
3,100
3,100
7,100
2,100
12,100
0,100
0,100
2,100
0,100
0,100
0,100
0,100
0,100
0,100
2,100
0,100
1,100
0,100
0,100
34,100
0,100
0,100
0,100
14,100
0,100
8,100
0,100
0,100
0,100
0,100
0,100
0,100
0,100
5,100
0,100
0,100
0,100
5,100
2,100
0,100
5,100
0,100
0,100
2,100
0,100
1,100
0,100
0,100
0,100
0,100
1,100
0,100
2,100
0,100
0,100
0,100
0,100
0,100
0,100
1,100
3,100
2,100
4,100
0,100
0,100
0,100
0,100
0,100
1,100
0,100
0,100
0,100
0,100
4,100
0,100
5,100
3,100
1,100
1,100
1,100
1,100
1,100
2,100
2,100
0,100
1,100
1,100
2,100
2,100
4,100
1,100
1,100
1,100
0,100
2,100
2,100
2,100
5,100
1,100
3,100
11,100
2,100
2,100
1,100
4,100
23,100
2,100
16,100
4,100
1,100
2,100
3,100
1,100
1,100
3,100
6,100
1,100
1,100
80,100
2,100
3,100
10,100
4,100
5,100
2,100
1,100
7,100
1,100
148,100
5,100
1,100
2,100
13,100
4,100
66,100
1,100
2,100
5,100
36,100
8,100
3,100
7,100
2,100
3,100
4,100
2,100
3,100
4,100
1,100
2,100
2,100
3,100
3,100
2,100
1,100
15,100
3,100
2,100
2,100
7,100
1,100
4,100
1,100
2,100
12,250
2,100
4,100
3,100
2,100
1,100
3,100
2,100
12,100
3,100
2,100
6,250
11,100
2,100
1,100
2,100
63,100
21,100
6,100
1,100
5,100
3,100
3,100
5,100
4,100
3,100
3,100
2,100
2,100
2,100
6,100
1,100
49,100
2,100
3,100
6,100
1,100
4,100
2,100
2,250
2,100
7,100
8,100
1,100
5,100
1,100
5,100
2,100
3,100
10,100
6,100
2,100
6,100
12,100
4,100
1,100
2,100
2,100
4,100
1,100
4,100
2,100
3,100
4,100
6,250
2,100
6,100
2,100
2,100
5,100
4,100
21,100
2,100
3,100
7,100
1,100
5,100
10,100
2,100
62,250
4,100
2,100
7,100
4,100
2,250
2,100
5,250
31,100
2,100
2,100
2,100
3,100
1,100
1,100
14,100
2,100
10,100
29,100
4,100
3,100
66,100
2,100
2,100
12,100
54,100
8,100
3,100
1,100
7,100
4,100
6,100
4,100
9,250
3,250
3,100
12,100
4,100
3,100
1,100
1,100
12,250
6,100
4,100
8,250
1,250
41,250
1,100
1,100
15,100
35,250
27,100
3,100
2,100
4,100
60,100
34,250
30,100
4,100
3,100
47,100
3,250
21,100
19,100
77,100
250,250
16,100
3,100
21,100
89,250
4,100
3,100
11,100
5,100
1,250
37,100
2,100
19,100
13,100
74,100
24,100
94,1000
179,250
78,100
4,250
12,100
65,250
110,1000
31,100
24,1000
31,100
2,100
74,100
4,100
12,100
47,100
24,250
16,100
220,100
15,100
70,250
30,100
80,100
12,100
17,100
19,100
7,100
236,1000
2,100
250,250
471,250
16,100
213,1000
51,100
61,100
100,100
260,1000
38,100
27,100
250,250
6,100
40,100
307,100
77,250
178,100
62,100
73,100
228,100
430,100
106,100
1000,100
1000,1000
113,250
1796,2000
387,100
