10
10
10
10
10
7.3448402497245695
10.85104766865241
7.580466653527191
7.345379756133392
10.850576708152037
7.580581582218988
6.2406
10.85104766865241
7.580466653527191
7.580581582218988
6.6745
7.345379756133392
10.850576708152037
12.3161
7.580466653527191
6.2397
6.6738
7.345379756133392
10.85104766865241
7.580466653527191
6.2401
7.580466653527191
7.344624469350882
10.848340203948796
7.580351728320195
1.4504483335799097
1.2737847456634
2.910742093696788
1
0.05
0.1
0.05
0.1
0.1450477787383164
0.2910750566140985
0.23082999999999998
0.5493642207872829
0.1
0.05
0.1
0.05
0.02
0.005
0.1
0.01
0.01
0.01
0.05
0.1
