9
30
6
7
12
9.47639284751026
9.71733356367013
5.296730403989194
11.663507799970844
9.71733356367013
9.836933903371042
8.7605
8.637629834373447
11.349535425683243
18.91589237613874
9.377759999999999
8.747630849978131
18.354963398043576
12.1795
9.080109263981475
14.392249999999999
12.058200000000001
15.308353987461732
18.353378101181097
9.836933903371042
25.655749999999998
13.620370020052212
9.47660008747631
11.87571524194071
13.619442510819892
34.64978347509783
31.213093701707297
123.4694625705697
